         1         0
         2         0
         3         0
         4         0
         5         0
         6         0
         7         0
         8         0
         9         0
        10         0
        11         0
        12         0
        13         0
        14         0
        15         0
        16         0
        17         0
        18         0
        19         0
        20         3
        21        38
        22       160
        23       412
        24       786
        25      1250
        26      1772
        27      2326
        28      2893
        29      3457
        30      4008
        31      4538
        32      5041
        33      5514
        34      5955
        35      6362
        36      6736
        37      7078
        38      7388
        39      7671
        40      7927
        41      8159
        42      8369
        43      8558
        44      8728
        45      8882
        46      9020
        47      9144
        48      9255
        49      9354
        50      9443
        51      9522
        52      9592
        53      9654
        54      9708
        55      9756
        56      9796
        57      9831
        58      9861
        59      9886
        60      9907
        61      9924
        62      9939
        63      9950
        64      9960
        65      9968
        66      9974
        67      9979
        68      9983
        69      9986
        70      9989
        71      9991
        72      9993
        73      9994
        74      9996
        75      9997
        76      9997
        77      9998
        78      9998
        79      9999
        80      9999
        81      9999
        82     10000
        83     10000
        84     10000
        85     10000
        86     10000
        87     10000
        88     10000
        89     10000
        90     10000
        91     10000
        92     10000
        93     10000
        94     10000
        95     10000
        96     10000
        97     10000
        98     10000
        99     10000
       100     10000
       101     10000
       102     10000
       103     10000
       104     10000
       105     10000
       106     10000
       107     10000
       108     10000
       109         0
       110         0
       111         0
       112         0
       113         0
       114         0
       115         0
       116         0
       117         0
       118         0
       119         0
       120         0
       121         0
       122         0
       123         0
       124         0
       125         0
       126         0
       127         0
       128         0
       129         0
       130         0
       131        -2
       132       -10
       133       -27
       134       -51
       135       -81
       136      -112
       137      -144
       138      -173
       139      -201
       140      -226
       141      -248
       142      -266
       143      -282
       144      -294
       145      -302
       146      -307
       147      -309
       148      -309
       149      -306
       150      -301
       151      -294
       152      -285
       153      -275
       154      -263
       155      -251
       156      -238
       157      -224
       158      -209
       159      -195
       160      -180
       161      -165
       162      -151
       163      -137
       164      -124
       165      -112
       166      -100
       167       -89
       168       -80
       169       -71
       170       -63
       171       -56
       172       -50
       173       -45
       174       -40
       175       -36
       176       -33
       177       -30
       178       -27
       179       -25
       180       -23
       181       -21
       182       -19
       183       -18
       184       -17
       185       -16
       186       -15
       187       -14
       188       -13
       189       -13
       190       -12
       191       -12
       192       -11
       193       -11
       194       -11
       195       -11
       196       -10
       197       -10
       198       -10
       199       -10
       200       -10
       201       -10
       202        -9
       203        -9
       204        -9
       205        -9
       206        -9
       207        -9
       208        -9
       209        -9
       210        -9
       211        -9
       212        -9
       213        -9
       214        -9
       215        -9
       216        -9
       217        -9
       218        -9
       219         0
       220         0
       221         0
       222         0
       223         0
       224         0
       225         0
       226         0
       227         0
       228         0
       229         0
       230         0
       231         0
       232         0
       233         0
       234         0
       235         0
       236         0
       237         0
       238         0
       239         0
       240         0
       241         0
       242         0
       243        -3
       244        -7
       245       -12
       246       -18
       247       -25
       248       -31
       249       -37
       250       -43
       251       -48
       252       -52
       253       -55
       254       -58
       255       -61
       256       -62
       257       -64
       258       -64
       259       -65
       260       -65
       261       -64
       262       -63
       263       -62
       264       -61
       265       -59
       266       -57
       267       -55
       268       -53
       269       -51
       270       -48
       271       -46
       272       -43
       273       -41
       274       -38
       275       -36
       276       -33
       277       -31
       278       -29
       279       -27
       280       -25
       281       -23
       282       -22
       283       -20
       284       -19
       285       -18
       286       -17
       287       -16
       288       -15
       289       -15
       290       -14
       291       -13
       292       -13
       293       -13
       294       -12
       295       -12
       296       -12
       297       -11
       298       -11
       299       -11
       300       -11
       301       -11
       302       -11
       303       -11
       304       -11
       305       -10
       306       -10
       307       -10
       308       -10
       309       -10
       310       -10
       311       -10
       312       -10
       313       -10
       314       -10
       315       -10
       316       -10
       317       -10
       318       -10
       319       -10
       320       -10
       321       -10
       322       -10
       323       -10
       324       -10
       325       -10
       326       -10
       327       -10
       328       -10
       329         0
       330         0
       331         0
       332         0
       333         0
       334         0
       335         0
       336         0
       337         0
       338         0
       339         0
       340         0
       341         0
       342         0
       343         0
       344         0
       345         0
       346         0
       347         0
       348         0
       349         0
       350         0
       351         0
       352         0
       353        -1
       354        -4
       355        -7
       356       -11
       357       -15
       358       -19
       359       -22
       360       -26
       361       -29
       362       -32
       363       -35
       364       -37
       365       -39
       366       -41
       367       -42
       368       -43
       369       -44
       370       -44
       371       -44
       372       -44
       373       -44
       374       -44
       375       -44
       376       -43
       377       -42
       378       -42
       379       -41
       380       -40
       381       -38
       382       -37
       383       -36
       384       -35
       385       -33
       386       -32
       387       -30
       388       -29
       389       -28
       390       -26
       391       -25
       392       -24
       393       -23
       394       -22
       395       -21
       396       -20
       397       -19
       398       -18
       399       -17
       400       -17
       401       -16
       402       -16
       403       -15
       404       -15
       405       -15
       406       -14
       407       -14
       408       -14
       409       -14
       410       -14
       411       -13
       412       -13
       413       -13
       414       -13
       415       -13
       416       -13
       417       -13
       418       -13
       419       -13
       420       -13
       421       -13
       422       -13
       423       -13
       424       -13
       425       -13
       426       -13
       427       -13
       428       -13
       429       -13
       430       -13
       431       -13
       432       -13
       433       -13
       434       -13
       435       -13
       436       -13
       437       -13
       438       -13
       439         0
       440         0
       441         0
       442         0
       443         0
       444         0
       445         0
       446         0
       447         0
       448         0
       449         0
       450         0
       451         0
       452         0
       453         0
       454         0
       455         0
       456         0
       457         0
       458         0
       459         0
       460         0
       461         0
       462        -2
       463        -5
       464       -10
       465       -17
       466       -24
       467       -31
       468       -38
       469       -44
       470       -50
       471       -56
       472       -60
       473       -65
       474       -68
       475       -71
       476       -73
       477       -74
       478       -75
       479       -76
       480       -76
       481       -75
       482       -74
       483       -73
       484       -71
       485       -69
       486       -67
       487       -64
       488       -62
       489       -59
       490       -56
       491       -53
       492       -50
       493       -47
       494       -44
       495       -41
       496       -38
       497       -36
       498       -33
       499       -31
       500       -29
       501       -27
       502       -25
       503       -23
       504       -22
       505       -21
       506       -20
       507       -19
       508       -18
       509       -17
       510       -17
       511       -16
       512       -15
       513       -15
       514       -15
       515       -14
       516       -14
       517       -14
       518       -14
       519       -13
       520       -13
       521       -13
       522       -13
       523       -13
       524       -13
       525       -13
       526       -13
       527       -12
       528       -12
       529       -12
       530       -12
       531       -12
       532       -12
       533       -12
       534       -12
       535       -12
       536       -12
       537       -12
       538       -12
       539       -12
       540       -12
       541       -12
       542       -12
       543       -12
       544       -12
       545       -12
       546       -12
       547       -12
       548       -12
       549         0
       550         0
       551         0
       552         0
       553         0
       554         0
       555         0
       556         0
       557         0
       558         0
       559         0
       560         0
       561         0
       562         0
       563         0
       564         0
       565         0
       566         0
       567         0
       568         0
       569         0
       570         0
       571         0
       572        -7
       573       -27
       574       -60
       575      -100
       576      -143
       577      -186
       578      -226
       579      -263
       580      -295
       581      -323
       582      -346
       583      -364
       584      -377
       585      -386
       586      -390
       587      -390
       588      -385
       589      -378
       590      -368
       591      -356
       592      -341
       593      -325
       594      -308
       595      -290
       596      -271
       597      -252
       598      -232
       599      -213
       600      -194
       601      -176
       602      -158
       603      -141
       604      -125
       605      -111
       606       -98
       607       -86
       608       -76
       609       -67
       610       -59
       611       -52
       612       -46
       613       -42
       614       -38
       615       -34
       616       -31
       617       -29
       618       -27
       619       -25
       620       -24
       621       -23
       622       -21
       623       -21
       624       -20
       625       -19
       626       -19
       627       -18
       628       -18
       629       -17
       630       -17
       631       -17
       632       -17
       633       -16
       634       -16
       635       -16
       636       -16
       637       -16
       638       -16
       639       -16
       640       -16
       641       -16
       642       -16
       643       -16
       644       -16
       645       -16
       646       -15
       647       -15
       648       -15
       649       -15
       650       -15
       651       -15
       652       -15
       653       -15
       654       -15
       655       -15
       656       -15
       657       -15
       658       -15
       659         0
       660         0
       661         0
       662         0
       663         0
       664         0
       665         0
       666         0
       667         0
       668         0
       669         0
       670         0
       671         0
       672         0
       673         0
       674         0
       675         0
       676         0
       677         0
       678         0
       679         0
       680         0
       681        -7
       682       -33
       683       -86
       684      -163
       685      -254
       686      -352
       687      -449
       688      -541
       689      -624
       690      -696
       691      -754
       692      -799
       693      -831
       694      -849
       695      -856
       696      -851
       697      -837
       698      -814
       699      -784
       700      -749
       701      -710
       702      -668
       703      -624
       704      -580
       705      -535
       706      -491
       707      -447
       708      -406
       709      -367
       710      -330
       711      -296
       712      -264
       713      -236
       714      -210
       715      -188
       716      -169
       717      -152
       718      -138
       719      -126
       720      -116
       721      -108
       722      -101
       723       -96
       724       -91
       725       -88
       726       -85
       727       -82
       728       -80
       729       -79
       730       -77
       731       -76
       732       -75
       733       -75
       734       -74
       735       -74
       736       -73
       737       -73
       738       -73
       739       -72
       740       -72
       741       -72
       742       -72
       743       -72
       744       -72
       745       -72
       746       -72
       747       -72
       748       -72
       749       -72
       750       -71
       751       -71
       752       -71
       753       -71
       754       -71
       755       -71
       756       -71
       757       -71
       758       -71
       759       -71
       760       -71
       761       -71
       762       -71
       763       -71
       764       -71
       765       -71
       766       -71
       767       -71
       768       -71
       769         0
       770         0
       771         0
       772         0
       773         0
       774         0
       775         0
       776         0
       777         0
       778         0
       779         0
       780         0
       781         0
       782         0
       783         0
       784         0
       785         0
       786         0
       787         0
       788         0
       789         0
       790        -1
       791        -6
       792       -19
       793       -38
       794       -64
       795       -92
       796      -120
       797      -148
       798      -174
       799      -196
       800      -216
       801      -232
       802      -244
       803      -253
       804      -259
       805      -262
       806      -262
       807      -259
       808      -254
       809      -248
       810      -240
       811      -231
       812      -220
       813      -209
       814      -197
       815      -185
       816      -172
       817      -160
       818      -147
       819      -134
       820      -122
       821      -110
       822       -99
       823       -89
       824       -79
       825       -70
       826       -62
       827       -55
       828       -49
       829       -43
       830       -39
       831       -34
       832       -31
       833       -28
       834       -26
       835       -24
       836       -22
       837       -20
       838       -19
       839       -18
       840       -17
       841       -16
       842       -15
       843       -14
       844       -14
       845       -13
       846       -13
       847       -13
       848       -12
       849       -12
       850       -12
       851       -12
       852       -12
       853       -11
       854       -11
       855       -11
       856       -11
       857       -11
       858       -11
       859       -11
       860       -11
       861       -11
       862       -11
       863       -11
       864       -11
       865       -11
       866       -11
       867       -11
       868       -11
       869       -11
       870       -11
       871       -11
       872       -11
       873       -11
       874       -11
       875       -11
       876       -11
       877       -11
       878       -11
       879         0
       880         0
       881         0
       882         0
       883         0
       884         0
       885         0
       886         0
       887         0
       888         0
       889         0
       890         0
       891         0
       892         0
       893         0
       894         0
       895         0
       896         0
       897         0
       898         0
       899         0
       900         0
       901         0
       902         0
       903        -2
       904        -4
       905        -7
       906       -11
       907       -14
       908       -18
       909       -21
       910       -23
       911       -26
       912       -28
       913       -30
       914       -32
       915       -33
       916       -34
       917       -35
       918       -35
       919       -35
       920       -35
       921       -35
       922       -35
       923       -34
       924       -34
       925       -33
       926       -32
       927       -31
       928       -29
       929       -28
       930       -27
       931       -26
       932       -24
       933       -23
       934       -21
       935       -20
       936       -18
       937       -17
       938       -16
       939       -15
       940       -14
       941       -13
       942       -12
       943       -11
       944       -10
       945        -9
       946        -9
       947        -8
       948        -8
       949        -7
       950        -7
       951        -7
       952        -7
       953        -6
       954        -6
       955        -6
       956        -6
       957        -6
       958        -6
       959        -5
       960        -5
       961        -5
       962        -5
       963        -5
       964        -5
       965        -5
       966        -5
       967        -5
       968        -5
       969        -5
       970        -5
       971        -5
       972        -5
       973        -5
       974        -5
       975        -5
       976        -5
       977        -5
       978        -5
       979        -5
       980        -5
       981        -5
       982        -5
       983        -5
       984        -5
       985        -5
       986        -5
       987        -5
       988        -5
       989         0
       990         0
       991         0
       992         0
       993         0
       994         0
       995         0
       996         0
       997         0
       998         0
       999         0
      1000         0
      1001         0
      1002         0
      1003         0
      1004         0
      1005         0
      1006         0
      1007         0
      1008         0
      1009         0
      1010         0
      1011         0
      1012         0
      1013         0
      1014        -1
      1015        -2
      1016        -4
      1017        -6
      1018        -8
      1019       -10
      1020       -12
      1021       -14
      1022       -15
      1023       -17
      1024       -18
      1025       -19
      1026       -20
      1027       -20
      1028       -21
      1029       -21
      1030       -21
      1031       -22
      1032       -22
      1033       -22
      1034       -21
      1035       -21
      1036       -21
      1037       -21
      1038       -20
      1039       -20
      1040       -19
      1041       -19
      1042       -18
      1043       -18
      1044       -17
      1045       -16
      1046       -15
      1047       -15
      1048       -14
      1049       -13
      1050       -13
      1051       -12
      1052       -11
      1053       -11
      1054       -10
      1055        -9
      1056        -9
      1057        -8
      1058        -8
      1059        -8
      1060        -7
      1061        -7
      1062        -7
      1063        -6
      1064        -6
      1065        -6
      1066        -6
      1067        -6
      1068        -6
      1069        -6
      1070        -5
      1071        -5
      1072        -5
      1073        -5
      1074        -5
      1075        -5
      1076        -5
      1077        -5
      1078        -5
      1079        -5
      1080        -5
      1081        -5
      1082        -5
      1083        -5
      1084        -5
      1085        -5
      1086        -5
      1087        -5
      1088        -5
      1089        -5
      1090        -5
      1091        -5
      1092        -5
      1093        -5
      1094        -5
      1095        -5
      1096        -5
      1097        -5
      1098        -5
      1099         0
      1100         0
      1101         0
      1102         0
      1103         0
      1104         0
      1105         0
      1106         0
      1107         0
      1108         0
      1109         0
      1110         0
      1111         0
      1112         0
      1113         0
      1114         0
      1115         0
      1116         0
      1117         0
      1118         0
      1119         0
      1120         0
      1121         0
      1122        -1
      1123        -3
      1124        -6
      1125       -10
      1126       -14
      1127       -19
      1128       -24
      1129       -28
      1130       -32
      1131       -36
      1132       -39
      1133       -41
      1134       -44
      1135       -45
      1136       -47
      1137       -48
      1138       -49
      1139       -49
      1140       -49
      1141       -49
      1142       -48
      1143       -47
      1144       -46
      1145       -45
      1146       -44
      1147       -42
      1148       -41
      1149       -39
      1150       -37
      1151       -35
      1152       -33
      1153       -31
      1154       -29
      1155       -28
      1156       -26
      1157       -24
      1158       -22
      1159       -21
      1160       -19
      1161       -18
      1162       -17
      1163       -16
      1164       -15
      1165       -14
      1166       -14
      1167       -13
      1168       -13
      1169       -12
      1170       -12
      1171       -11
      1172       -11
      1173       -11
      1174       -10
      1175       -10
      1176       -10
      1177       -10
      1178       -10
      1179       -10
      1180        -9
      1181        -9
      1182        -9
      1183        -9
      1184        -9
      1185        -9
      1186        -9
      1187        -9
      1188        -9
      1189        -9
      1190        -9
      1191        -9
      1192        -9
      1193        -9
      1194        -9
      1195        -9
      1196        -9
      1197        -9
      1198        -9
      1199        -9
      1200        -9
      1201        -9
      1202        -9
      1203        -9
      1204        -9
      1205        -9
      1206        -9
      1207        -9
      1208        -9
      1209         0
      1210         0
      1211         0
      1212         0
      1213         0
      1214         0
      1215         0
      1216         0
      1217         0
      1218         0
      1219         0
      1220         0
      1221         0
      1222         0
      1223         0
      1224         0
      1225         0
      1226         0
      1227         0
      1228         0
      1229         0
      1230         0
      1231         0
      1232        -3
      1233       -14
      1234       -34
      1235       -63
      1236       -96
      1237      -131
      1238      -165
      1239      -195
      1240      -223
      1241      -246
      1242      -265
      1243      -280
      1244      -290
      1245      -296
      1246      -299
      1247      -298
      1248      -294
      1249      -287
      1250      -278
      1251      -268
      1252      -256
      1253      -243
      1254      -229
      1255      -214
      1256      -199
      1257      -184
      1258      -168
      1259      -153
      1260      -138
      1261      -124
      1262      -110
      1263       -98
      1264       -86
      1265       -75
      1266       -65
      1267       -57
      1268       -50
      1269       -43
      1270       -38
      1271       -33
      1272       -29
      1273       -26
      1274       -23
      1275       -21
      1276       -19
      1277       -18
      1278       -17
      1279       -16
      1280       -15
      1281       -14
      1282       -13
      1283       -13
      1284       -12
      1285       -12
      1286       -12
      1287       -11
      1288       -11
      1289       -11
      1290       -11
      1291       -11
      1292       -11
      1293       -10
      1294       -10
      1295       -10
      1296       -10
      1297       -10
      1298       -10
      1299       -10
      1300       -10
      1301       -10
      1302       -10
      1303       -10
      1304       -10
      1305       -10
      1306       -10
      1307       -10
      1308       -10
      1309       -10
      1310       -10
      1311       -10
      1312       -10
      1313       -10
      1314       -10
      1315       -10
      1316       -10
      1317       -10
      1318       -10
      1319         0
      1320         0
      1321         0
      1322         0
      1323         0
      1324         0
      1325         0
      1326         0
      1327         0
      1328         0
      1329         0
      1330         0
      1331         0
      1332         0
      1333         0
      1334         0
      1335         0
      1336         0
      1337         0
      1338         0
      1339         0
      1340         0
      1341         0
      1342        -2
      1343        -8
      1344       -22
      1345       -42
      1346       -66
      1347       -93
      1348      -121
      1349      -149
      1350      -176
      1351      -201
      1352      -224
      1353      -245
      1354      -262
      1355      -276
      1356      -286
      1357      -294
      1358      -297
      1359      -298
      1360      -296
      1361      -290
      1362      -283
      1363      -273
      1364      -261
      1365      -248
      1366      -234
      1367      -219
      1368      -203
      1369      -186
      1370      -170
      1371      -154
      1372      -138
      1373      -123
      1374      -109
      1375       -96
      1376       -84
      1377       -73
      1378       -63
      1379       -55
      1380       -47
      1381       -41
      1382       -35
      1383       -30
      1384       -26
      1385       -22
      1386       -19
      1387       -17
      1388       -15
      1389       -13
      1390       -11
      1391       -10
      1392        -9
      1393        -8
      1394        -7
      1395        -6
      1396        -6
      1397        -5
      1398        -5
      1399        -4
      1400        -4
      1401        -4
      1402        -3
      1403        -3
      1404        -3
      1405        -3
      1406        -3
      1407        -2
      1408        -2
      1409        -2
      1410        -2
      1411        -2
      1412        -2
      1413        -2
      1414        -2
      1415        -2
      1416        -2
      1417        -2
      1418        -2
      1419        -2
      1420        -2
      1421        -2
      1422        -2
      1423        -2
      1424        -2
      1425        -2
      1426        -2
      1427        -2
      1428        -2
      1429         0
      1430         0
      1431         0
      1432         0
      1433         0
      1434         0
      1435         0
      1436         0
      1437         0
      1438         0
      1439         0
      1440         0
      1441         0
      1442         0
      1443         0
      1444         0
      1445         0
      1446         0
      1447         0
      1448         0
      1449         0
      1450         0
      1451         0
      1452        -2
      1453        -7
      1454       -15
      1455       -26
      1456       -39
      1457       -52
      1458       -66
      1459       -78
      1460       -90
      1461      -101
      1462      -111
      1463      -119
      1464      -126
      1465      -131
      1466      -135
      1467      -137
      1468      -138
      1469      -138
      1470      -137
      1471      -135
      1472      -132
      1473      -128
      1474      -123
      1475      -118
      1476      -113
      1477      -107
      1478      -100
      1479       -94
      1480       -87
      1481       -81
      1482       -74
      1483       -68
      1484       -62
      1485       -57
      1486       -51
      1487       -47
      1488       -42
      1489       -38
      1490       -35
      1491       -32
      1492       -30
      1493       -27
      1494       -26
      1495       -24
      1496       -23
      1497       -21
      1498       -20
      1499       -19
      1500       -19
      1501       -18
      1502       -17
      1503       -17
      1504       -17
      1505       -16
      1506       -16
      1507       -16
      1508       -15
      1509       -15
      1510       -15
      1511       -15
      1512       -15
      1513       -15
      1514       -15
      1515       -14
      1516       -14
      1517       -14
      1518       -14
      1519       -14
      1520       -14
      1521       -14
      1522       -14
      1523       -14
      1524       -14
      1525       -14
      1526       -14
      1527       -14
      1528       -14
      1529       -14
      1530       -14
      1531       -14
      1532       -14
      1533       -14
      1534       -14
      1535       -14
      1536       -14
      1537       -14
      1538       -14
      1539         0
      1540         0
      1541         0
      1542         0
      1543         0
      1544         0
      1545         0
      1546         0
      1547         0
      1548         0
      1549         0
      1550         0
      1551         0
      1552         0
      1553         0
      1554         0
      1555         0
      1556         0
      1557         0
      1558         0
      1559         0
      1560         0
      1561         0
      1562         0
      1563        -1
      1564        -3
      1565        -7
      1566       -11
      1567       -15
      1568       -19
      1569       -23
      1570       -27
      1571       -30
      1572       -33
      1573       -35
      1574       -37
      1575       -39
      1576       -41
      1577       -42
      1578       -43
      1579       -43
      1580       -44
      1581       -44
      1582       -44
      1583       -43
      1584       -43
      1585       -43
      1586       -42
      1587       -41
      1588       -40
      1589       -39
      1590       -38
      1591       -37
      1592       -35
      1593       -34
      1594       -33
      1595       -31
      1596       -30
      1597       -28
      1598       -27
      1599       -26
      1600       -24
      1601       -23
      1602       -22
      1603       -21
      1604       -20
      1605       -19
      1606       -18
      1607       -18
      1608       -17
      1609       -17
      1610       -16
      1611       -16
      1612       -15
      1613       -15
      1614       -15
      1615       -15
      1616       -15
      1617       -14
      1618       -14
      1619       -14
      1620       -14
      1621       -14
      1622       -14
      1623       -14
      1624       -14
      1625       -14
      1626       -14
      1627       -14
      1628       -14
      1629       -14
      1630       -14
      1631       -13
      1632       -13
      1633       -13
      1634       -13
      1635       -13
      1636       -13
      1637       -13
      1638       -13
      1639       -13
      1640       -13
      1641       -13
      1642       -13
      1643       -13
      1644       -13
      1645       -13
      1646       -13
      1647       -13
      1648       -13
      1649         0
      1650         0
      1651         0
      1652         0
      1653         0
      1654         0
      1655         0
      1656         0
      1657         0
      1658         0
      1659         0
      1660         0
      1661         0
      1662         0
      1663         0
      1664         0
      1665         0
      1666         0
      1667         0
      1668         0
      1669         0
      1670         0
      1671         0
      1672         0
      1673         0
      1674        -1
      1675        -3
      1676        -6
      1677        -8
      1678       -11
      1679       -14
      1680       -16
      1681       -18
      1682       -20
      1683       -22
      1684       -24
      1685       -25
      1686       -26
      1687       -27
      1688       -28
      1689       -28
      1690       -29
      1691       -29
      1692       -29
      1693       -29
      1694       -29
      1695       -29
      1696       -28
      1697       -28
      1698       -28
      1699       -27
      1700       -26
      1701       -26
      1702       -25
      1703       -24
      1704       -23
      1705       -23
      1706       -22
      1707       -21
      1708       -20
      1709       -19
      1710       -18
      1711       -17
      1712       -16
      1713       -15
      1714       -14
      1715       -14
      1716       -13
      1717       -12
      1718       -12
      1719       -11
      1720       -11
      1721       -10
      1722       -10
      1723       -10
      1724       -10
      1725        -9
      1726        -9
      1727        -9
      1728        -9
      1729        -9
      1730        -9
      1731        -9
      1732        -8
      1733        -8
      1734        -8
      1735        -8
      1736        -8
      1737        -8
      1738        -8
      1739        -8
      1740        -8
      1741        -8
      1742        -8
      1743        -8
      1744        -8
      1745        -8
      1746        -8
      1747        -8
      1748        -8
      1749        -8
      1750        -8
      1751        -8
      1752        -8
      1753        -8
      1754        -8
      1755        -8
      1756        -8
      1757        -8
      1758        -8
      1759         0
      1760         0
      1761         0
      1762         0
      1763         0
      1764         0
      1765         0
      1766         0
      1767         0
      1768         0
      1769         0
      1770         0
      1771         0
      1772         0
      1773         0
      1774         0
      1775         0
      1776         0
      1777         0
      1778         0
      1779         0
      1780         0
      1781         0
      1782         0
      1783        -1
      1784        -4
      1785        -7
      1786       -11
      1787       -15
      1788       -19
      1789       -23
      1790       -26
      1791       -29
      1792       -32
      1793       -35
      1794       -37
      1795       -39
      1796       -40
      1797       -41
      1798       -42
      1799       -43
      1800       -43
      1801       -43
      1802       -43
      1803       -43
      1804       -42
      1805       -42
      1806       -41
      1807       -39
      1808       -38
      1809       -37
      1810       -35
      1811       -34
      1812       -32
      1813       -31
      1814       -29
      1815       -27
      1816       -26
      1817       -24
      1818       -22
      1819       -21
      1820       -20
      1821       -18
      1822       -17
      1823       -16
      1824       -15
      1825       -14
      1826       -14
      1827       -13
      1828       -12
      1829       -12
      1830       -11
      1831       -11
      1832       -10
      1833       -10
      1834       -10
      1835       -10
      1836        -9
      1837        -9
      1838        -9
      1839        -9
      1840        -9
      1841        -9
      1842        -9
      1843        -9
      1844        -9
      1845        -8
      1846        -8
      1847        -8
      1848        -8
      1849        -8
      1850        -8
      1851        -8
      1852        -8
      1853        -8
      1854        -8
      1855        -8
      1856        -8
      1857        -8
      1858        -8
      1859        -8
      1860        -8
      1861        -8
      1862        -8
      1863        -8
      1864        -8
      1865        -8
      1866        -8
      1867        -8
      1868        -8
      1869         0
      1870         0
      1871         0
      1872         0
      1873         0
      1874         0
      1875         0
      1876         0
      1877         0
      1878         0
      1879         0
      1880         0
      1881         0
      1882         0
      1883         0
      1884         0
      1885         0
      1886         0
      1887         0
      1888         0
      1889         0
      1890         0
      1891         0
      1892        -3
      1893        -9
      1894       -19
      1895       -32
      1896       -46
      1897       -61
      1898       -75
      1899       -88
      1900      -101
      1901      -112
      1902      -121
      1903      -129
      1904      -135
      1905      -140
      1906      -143
      1907      -145
      1908      -145
      1909      -144
      1910      -142
      1911      -139
      1912      -134
      1913      -129
      1914      -124
      1915      -117
      1916      -111
      1917      -104
      1918       -96
      1919       -89
      1920       -82
      1921       -75
      1922       -68
      1923       -61
      1924       -55
      1925       -49
      1926       -44
      1927       -39
      1928       -35
      1929       -31
      1930       -28
      1931       -26
      1932       -24
      1933       -22
      1934       -20
      1935       -19
      1936       -18
      1937       -17
      1938       -16
      1939       -15
      1940       -15
      1941       -14
      1942       -14
      1943       -13
      1944       -13
      1945       -13
      1946       -13
      1947       -12
      1948       -12
      1949       -12
      1950       -12
      1951       -12
      1952       -12
      1953       -12
      1954       -12
      1955       -12
      1956       -12
      1957       -12
      1958       -12
      1959       -11
      1960       -11
      1961       -11
      1962       -11
      1963       -11
      1964       -11
      1965       -11
      1966       -11
      1967       -11
      1968       -11
      1969       -11
      1970       -11
      1971       -11
      1972       -11
      1973       -11
      1974       -11
      1975       -11
      1976       -11
      1977       -11
      1978       -11
      1979         0
      1980         0
      1981         0
      1982         0
      1983         0
      1984         0
      1985         0
      1986         0
      1987         0
      1988         0
      1989         0
      1990         0
      1991         0
      1992         0
      1993         0
      1994         0
      1995         0
      1996         0
      1997         0
      1998         0
      1999         0
      2000         0
      2001         0
      2002         0
      2003         0
      2004        -2
      2005        -4
      2006        -8
      2007       -13
      2008       -18
      2009       -23
      2010       -29
      2011       -34
      2012       -39
      2013       -44
      2014       -48
      2015       -52
      2016       -55
      2017       -57
      2018       -60
      2019       -61
      2020       -62
      2021       -62
      2022       -62
      2023       -61
      2024       -60
      2025       -58
      2026       -57
      2027       -54
      2028       -52
      2029       -49
      2030       -46
      2031       -43
      2032       -39
      2033       -36
      2034       -33
      2035       -30
      2036       -27
      2037       -24
      2038       -22
      2039       -19
      2040       -17
      2041       -15
      2042       -14
      2043       -12
      2044       -11
      2045       -10
      2046        -9
      2047        -8
      2048        -7
      2049        -6
      2050        -6
      2051        -5
      2052        -5
      2053        -4
      2054        -4
      2055        -4
      2056        -3
      2057        -3
      2058        -3
      2059        -3
      2060        -3
      2061        -3
      2062        -2
      2063        -2
      2064        -2
      2065        -2
      2066        -2
      2067        -2
      2068        -2
      2069        -2
      2070        -2
      2071        -2
      2072        -2
      2073        -2
      2074        -2
      2075        -2
      2076        -2
      2077        -2
      2078        -2
      2079        -2
      2080        -2
      2081        -2
      2082        -2
      2083        -2
      2084        -2
      2085        -2
      2086        -2
      2087        -2
      2088        -2
      2089         0
      2090         0
      2091         0
      2092         0
      2093         0
      2094         0
      2095         0
      2096         0
      2097         0
      2098         0
      2099         0
      2100         0
      2101         0
      2102         0
      2103         0
      2104         0
      2105         0
      2106         0
      2107         0
      2108         0
      2109         0
      2110         0
      2111         0
      2112         0
      2113        -1
      2114        -3
      2115        -7
      2116       -12
      2117       -17
      2118       -23
      2119       -28
      2120       -34
      2121       -39
      2122       -43
      2123       -47
      2124       -50
      2125       -53
      2126       -56
      2127       -58
      2128       -59
      2129       -60
      2130       -61
      2131       -61
      2132       -61
      2133       -61
      2134       -60
      2135       -59
      2136       -58
      2137       -57
      2138       -55
      2139       -53
      2140       -51
      2141       -49
      2142       -47
      2143       -45
      2144       -43
      2145       -41
      2146       -39
      2147       -37
      2148       -34
      2149       -33
      2150       -31
      2151       -29
      2152       -27
      2153       -26
      2154       -25
      2155       -23
      2156       -22
      2157       -21
      2158       -20
      2159       -20
      2160       -19
      2161       -18
      2162       -18
      2163       -17
      2164       -17
      2165       -17
      2166       -16
      2167       -16
      2168       -16
      2169       -16
      2170       -15
      2171       -15
      2172       -15
      2173       -15
      2174       -15
      2175       -15
      2176       -15
      2177       -15
      2178       -15
      2179       -15
      2180       -14
      2181       -14
      2182       -14
      2183       -14
      2184       -14
      2185       -14
      2186       -14
      2187       -14
      2188       -14
      2189       -14
      2190       -14
      2191       -14
      2192       -14
      2193       -14
      2194       -14
      2195       -14
      2196       -14
      2197       -14
      2198       -14
      2199         0
      2200         0
      2201         0
      2202         0
      2203         0
      2204         0
      2205         0
      2206         0
      2207         0
      2208         0
      2209         0
      2210         0
      2211         0
      2212         0
      2213         0
      2214         0
      2215         0
      2216         0
      2217         0
      2218         0
      2219         0
      2220         0
      2221         0
      2222         0
      2223         0
      2224        -1
      2225        -2
      2226        -5
      2227        -8
      2228       -12
      2229       -15
      2230       -17
      2231       -20
      2232       -22
      2233       -24
      2234       -26
      2235       -27
      2236       -29
      2237       -30
      2238       -30
      2239       -31
      2240       -32
      2241       -32
      2242       -32
      2243       -32
      2244       -33
      2245       -32
      2246       -32
      2247       -32
      2248       -31
      2249       -31
      2250       -31
      2251       -30
      2252       -29
      2253       -28
      2254       -27
      2255       -26
      2256       -25
      2257       -24
      2258       -23
      2259       -22
      2260       -21
      2261       -20
      2262       -19
      2263       -18
      2264       -17
      2265       -16
      2266       -16
      2267       -15
      2268       -14
      2269       -14
      2270       -13
      2271       -13
      2272       -13
      2273       -12
      2274       -12
      2275       -12
      2276       -12
      2277       -11
      2278       -11
      2279       -11
      2280       -11
      2281       -11
      2282       -11
      2283       -11
      2284       -11
      2285       -11
      2286       -11
      2287       -11
      2288       -11
      2289       -11
      2290       -11
      2291       -11
      2292       -11
      2293       -11
      2294       -11
      2295       -11
      2296       -11
      2297       -11
      2298       -11
      2299       -11
      2300       -11
      2301       -11
      2302       -11
      2303       -11
      2304       -11
      2305       -11
      2306       -10
      2307       -10
      2308       -10
      2309         0
      2310         0
      2311         0
      2312         0
      2313         0
      2314         0
      2315         0
      2316         0
      2317         0
      2318         0
      2319         0
      2320         0
      2321         0
      2322         0
      2323         0
      2324         0
      2325         0
      2326         0
      2327         0
      2328         0
      2329         0
      2330         0
      2331         0
      2332         0
      2333         0
      2334        -1
      2335        -3
      2336        -5
      2337        -8
      2338       -11
      2339       -14
      2340       -17
      2341       -19
      2342       -21
      2343       -23
      2344       -24
      2345       -25
      2346       -26
      2347       -27
      2348       -28
      2349       -28
      2350       -29
      2351       -29
      2352       -29
      2353       -29
      2354       -30
      2355       -30
      2356       -29
      2357       -29
      2358       -29
      2359       -28
      2360       -28
      2361       -27
      2362       -27
      2363       -26
      2364       -25
      2365       -25
      2366       -24
      2367       -23
      2368       -22
      2369       -21
      2370       -20
      2371       -19
      2372       -18
      2373       -17
      2374       -16
      2375       -15
      2376       -15
      2377       -14
      2378       -13
      2379       -13
      2380       -12
      2381       -12
      2382       -12
      2383       -11
      2384       -11
      2385       -11
      2386       -11
      2387       -11
      2388       -10
      2389       -10
      2390       -10
      2391       -10
      2392       -10
      2393       -10
      2394       -10
      2395       -10
      2396       -10
      2397       -10
      2398       -10
      2399       -10
      2400       -10
      2401       -10
      2402       -10
      2403       -10
      2404       -10
      2405       -10
      2406       -10
      2407       -10
      2408       -10
      2409       -10
      2410       -10
      2411       -10
      2412       -10
      2413       -10
      2414       -10
      2415       -10
      2416       -10
      2417       -10
      2418       -10
      2419         0
      2420         0
      2421         0
      2422         0
      2423         0
      2424         0
      2425         0
      2426         0
      2427         0
      2428         0
      2429         0
      2430         0
      2431         0
      2432         0
      2433         0
      2434         0
      2435         0
      2436         0
      2437         0
      2438         0
      2439         0
      2440         0
      2441         0
      2442         0
      2443         0
      2444        -2
      2445        -5
      2446        -7
      2447       -11
      2448       -14
      2449       -16
      2450       -19
      2451       -21
      2452       -23
      2453       -25
      2454       -27
      2455       -28
      2456       -29
      2457       -30
      2458       -31
      2459       -31
      2460       -32
      2461       -32
      2462       -32
      2463       -32
      2464       -32
      2465       -32
      2466       -31
      2467       -31
      2468       -30
      2469       -30
      2470       -29
      2471       -28
      2472       -27
      2473       -26
      2474       -25
      2475       -24
      2476       -23
      2477       -22
      2478       -21
      2479       -20
      2480       -19
      2481       -18
      2482       -17
      2483       -16
      2484       -16
      2485       -15
      2486       -14
      2487       -14
      2488       -13
      2489       -13
      2490       -12
      2491       -12
      2492       -12
      2493       -11
      2494       -11
      2495       -11
      2496       -11
      2497       -11
      2498       -11
      2499       -11
      2500       -10
      2501       -10
      2502       -10
      2503       -10
      2504       -10
      2505       -10
      2506       -10
      2507       -10
      2508       -10
      2509       -10
      2510       -10
      2511       -10
      2512       -10
      2513       -10
      2514       -10
      2515       -10
      2516       -10
      2517       -10
      2518       -10
      2519       -10
      2520       -10
      2521       -10
      2522       -10
      2523       -10
      2524       -10
      2525       -10
      2526       -10
      2527       -10
      2528       -10
      2529         0
      2530         0
      2531         0
      2532         0
      2533         0
      2534         0
      2535         0
      2536         0
      2537         0
      2538         0
      2539         0
      2540         0
      2541         0
      2542         0
      2543         0
      2544         0
      2545         0
      2546         0
      2547         0
      2548         0
      2549         0
      2550         0
      2551         0
      2552         0
      2553        -2
      2554        -6
      2555       -12
      2556       -19
      2557       -27
      2558       -35
      2559       -43
      2560       -49
      2561       -56
      2562       -61
      2563       -66
      2564       -70
      2565       -73
      2566       -76
      2567       -77
      2568       -78
      2569       -79
      2570       -79
      2571       -78
      2572       -77
      2573       -76
      2574       -74
      2575       -72
      2576       -69
      2577       -67
      2578       -64
      2579       -61
      2580       -58
      2581       -55
      2582       -52
      2583       -49
      2584       -46
      2585       -43
      2586       -40
      2587       -37
      2588       -34
      2589       -31
      2590       -29
      2591       -26
      2592       -24
      2593       -22
      2594       -21
      2595       -19
      2596       -17
      2597       -16
      2598       -15
      2599       -14
      2600       -13
      2601       -12
      2602       -12
      2603       -11
      2604       -11
      2605       -10
      2606       -10
      2607       -10
      2608        -9
      2609        -9
      2610        -9
      2611        -9
      2612        -8
      2613        -8
      2614        -8
      2615        -8
      2616        -8
      2617        -8
      2618        -8
      2619        -8
      2620        -8
      2621        -8
      2622        -8
      2623        -8
      2624        -8
      2625        -8
      2626        -8
      2627        -8
      2628        -8
      2629        -8
      2630        -8
      2631        -8
      2632        -8
      2633        -8
      2634        -8
      2635        -8
      2636        -8
      2637        -8
      2638        -8
      2639         0
      2640         0
      2641         0
      2642         0
      2643         0
      2644         0
      2645         0
      2646         0
      2647         0
      2648         0
      2649         0
      2650         0
      2651         0
      2652         0
      2653         0
      2654         0
      2655         0
      2656         0
      2657         0
      2658         0
      2659         0
      2660         0
      2661         0
      2662         0
      2663         0
      2664        -2
      2665        -7
      2666       -13
      2667       -21
      2668       -28
      2669       -36
      2670       -42
      2671       -48
      2672       -52
      2673       -56
      2674       -58
      2675       -60
      2676       -61
      2677       -61
      2678       -61
      2679       -60
      2680       -59
      2681       -57
      2682       -55
      2683       -53
      2684       -51
      2685       -49
      2686       -47
      2687       -44
      2688       -42
      2689       -39
      2690       -37
      2691       -35
      2692       -32
      2693       -30
      2694       -28
      2695       -26
      2696       -24
      2697       -21
      2698       -19
      2699       -18
      2700       -16
      2701       -14
      2702       -13
      2703       -11
      2704       -10
      2705        -8
      2706        -7
      2707        -6
      2708        -5
      2709        -5
      2710        -4
      2711        -3
      2712        -3
      2713        -2
      2714        -2
      2715        -1
      2716        -1
      2717        -1
      2718        -1
      2719         0
      2720         0
      2721         0
      2722         0
      2723         0
      2724         0
      2725         0
      2726         0
      2727         0
      2728         0
      2729         0
      2730         0
      2731         0
      2732         0
      2733         0
      2734         0
      2735         0
      2736         0
      2737         0
      2738         0
      2739         0
      2740         0
      2741         0
      2742         0
      2743         0
      2744         0
      2745         0
      2746         0
      2747         0
      2748         0
      2749         0
      2750         0
      2751         0
      2752         0
      2753         0
      2754         0
      2755         0
      2756         0
      2757         0
      2758         0
      2759         0
      2760         0
      2761         0
      2762         0
      2763         0
      2764         0
      2765         0
      2766         0
      2767         0
      2768         0
      2769         0
      2770         0
      2771         0
      2772         0
      2773         0
      2774        -2
      2775        -5
      2776        -9
      2777       -14
      2778       -19
      2779       -23
      2780       -27
      2781       -30
      2782       -33
      2783       -35
      2784       -37
      2785       -38
      2786       -39
      2787       -40
      2788       -41
      2789       -41
      2790       -41
      2791       -41
      2792       -41
      2793       -40
      2794       -40
      2795       -39
      2796       -38
      2797       -37
      2798       -37
      2799       -36
      2800       -35
      2801       -34
      2802       -32
      2803       -31
      2804       -30
      2805       -29
      2806       -28
      2807       -26
      2808       -25
      2809       -24
      2810       -23
      2811       -22
      2812       -21
      2813       -20
      2814       -19
      2815       -19
      2816       -18
      2817       -17
      2818       -17
      2819       -16
      2820       -16
      2821       -15
      2822       -15
      2823       -15
      2824       -15
      2825       -14
      2826       -14
      2827       -14
      2828       -14
      2829       -14
      2830       -14
      2831       -14
      2832       -14
      2833       -14
      2834       -14
      2835       -13
      2836       -13
      2837       -13
      2838       -13
      2839       -13
      2840       -13
      2841       -13
      2842       -13
      2843       -13
      2844       -13
      2845       -13
      2846       -13
      2847       -13
      2848       -13
      2849       -13
      2850       -13
      2851       -13
      2852       -13
      2853       -13
      2854       -13
      2855       -13
      2856       -13
      2857       -13
      2858       -13
      2859         0
      2860         0
      2861         0
      2862         0
      2863         0
      2864         0
      2865         0
      2866         0
      2867         0
      2868         0
      2869         0
      2870         0
      2871         0
      2872         0
      2873         0
      2874         0
      2875         0
      2876         0
      2877         0
      2878         0
      2879         0
      2880         0
      2881         0
      2882         0
      2883         0
      2884        -1
      2885        -3
      2886        -6
      2887       -10
      2888       -13
      2889       -16
      2890       -20
      2891       -22
      2892       -25
      2893       -27
      2894       -29
      2895       -31
      2896       -32
      2897       -33
      2898       -34
      2899       -35
      2900       -36
      2901       -37
      2902       -37
      2903       -38
      2904       -38
      2905       -38
      2906       -38
      2907       -38
      2908       -38
      2909       -38
      2910       -37
      2911       -37
      2912       -36
      2913       -36
      2914       -35
      2915       -34
      2916       -33
      2917       -32
      2918       -31
      2919       -30
      2920       -29
      2921       -28
      2922       -26
      2923       -25
      2924       -24
      2925       -23
      2926       -22
      2927       -22
      2928       -21
      2929       -20
      2930       -20
      2931       -19
      2932       -19
      2933       -18
      2934       -18
      2935       -18
      2936       -18
      2937       -17
      2938       -17
      2939       -17
      2940       -17
      2941       -17
      2942       -17
      2943       -17
      2944       -17
      2945       -17
      2946       -17
      2947       -16
      2948       -16
      2949       -16
      2950       -16
      2951       -16
      2952       -16
      2953       -16
      2954       -16
      2955       -16
      2956       -16
      2957       -16
      2958       -16
      2959       -16
      2960       -16
      2961       -16
      2962       -16
      2963       -16
      2964       -16
      2965       -16
      2966       -16
      2967       -16
      2968       -16
      2969         0
      2970         0
      2971         0
      2972         0
      2973         0
      2974         0
      2975         0
      2976         0
      2977         0
      2978         0
      2979         0
      2980         0
      2981         0
      2982         0
      2983         0
      2984         0
      2985         0
      2986         0
      2987         0
      2988         0
      2989         0
      2990         0
      2991         0
      2992         0
      2993         0
      2994         0
      2995        -1
      2996        -3
      2997        -5
      2998        -7
      2999       -10
      3000       -12
      3001       -14
      3002       -16
      3003       -18
      3004       -19
      3005       -20
      3006       -21
      3007       -22
      3008       -23
      3009       -24
      3010       -24
      3011       -25
      3012       -25
      3013       -26
      3014       -26
      3015       -26
      3016       -26
      3017       -26
      3018       -26
      3019       -26
      3020       -26
      3021       -25
      3022       -25
      3023       -25
      3024       -24
      3025       -24
      3026       -23
      3027       -23
      3028       -22
      3029       -21
      3030       -20
      3031       -20
      3032       -19
      3033       -18
      3034       -17
      3035       -17
      3036       -16
      3037       -15
      3038       -15
      3039       -14
      3040       -14
      3041       -13
      3042       -13
      3043       -13
      3044       -13
      3045       -12
      3046       -12
      3047       -12
      3048       -12
      3049       -12
      3050       -12
      3051       -11
      3052       -11
      3053       -11
      3054       -11
      3055       -11
      3056       -11
      3057       -11
      3058       -11
      3059       -11
      3060       -11
      3061       -11
      3062       -11
      3063       -11
      3064       -11
      3065       -11
      3066       -11
      3067       -11
      3068       -11
      3069       -11
      3070       -11
      3071       -11
      3072       -11
      3073       -11
      3074       -11
      3075       -11
      3076       -11
      3077       -11
      3078       -11
      3079         0
      3080         0
      3081         0
      3082         0
      3083         0
      3084         0
      3085         0
      3086         0
      3087         0
      3088         0
      3089         0
      3090         0
      3091         0
      3092         0
      3093         0
      3094         0
      3095         0
      3096         0
      3097         0
      3098         0
      3099         0
      3100         0
      3101         0
      3102         0
      3103        -1
      3104        -2
      3105        -4
      3106        -6
      3107        -9
      3108       -12
      3109       -14
      3110       -17
      3111       -19
      3112       -21
      3113       -23
      3114       -25
      3115       -26
      3116       -27
      3117       -29
      3118       -30
      3119       -31
      3120       -31
      3121       -32
      3122       -33
      3123       -33
      3124       -33
      3125       -34
      3126       -34
      3127       -34
      3128       -34
      3129       -34
      3130       -33
      3131       -33
      3132       -32
      3133       -32
      3134       -31
      3135       -31
      3136       -30
      3137       -29
      3138       -28
      3139       -27
      3140       -26
      3141       -25
      3142       -25
      3143       -24
      3144       -23
      3145       -22
      3146       -21
      3147       -21
      3148       -20
      3149       -20
      3150       -19
      3151       -19
      3152       -18
      3153       -18
      3154       -18
      3155       -17
      3156       -17
      3157       -17
      3158       -17
      3159       -17
      3160       -16
      3161       -16
      3162       -16
      3163       -16
      3164       -16
      3165       -16
      3166       -16
      3167       -16
      3168       -16
      3169       -16
      3170       -16
      3171       -16
      3172       -16
      3173       -16
      3174       -16
      3175       -16
      3176       -16
      3177       -16
      3178       -16
      3179       -16
      3180       -16
      3181       -16
      3182       -16
      3183       -16
      3184       -16
      3185       -16
      3186       -16
      3187       -16
      3188       -16
      3189         0
      3190         0
      3191         0
      3192         0
      3193         0
      3194         0
      3195         0
      3196         0
      3197         0
      3198         0
      3199         0
      3200         0
      3201         0
      3202         0
      3203         0
      3204         0
      3205         0
      3206         0
      3207         0
      3208         0
      3209         0
      3210         0
      3211         0
      3212         0
      3213         0
      3214        -2
      3215        -5
      3216       -10
      3217       -16
      3218       -21
      3219       -27
      3220       -32
      3221       -37
      3222       -41
      3223       -44
      3224       -47
      3225       -49
      3226       -51
      3227       -52
      3228       -53
      3229       -53
      3230       -53
      3231       -53
      3232       -53
      3233       -52
      3234       -51
      3235       -51
      3236       -49
      3237       -48
      3238       -47
      3239       -46
      3240       -44
      3241       -42
      3242       -41
      3243       -39
      3244       -37
      3245       -36
      3246       -34
      3247       -32
      3248       -30
      3249       -29
      3250       -27
      3251       -26
      3252       -24
      3253       -23
      3254       -21
      3255       -20
      3256       -19
      3257       -18
      3258       -17
      3259       -16
      3260       -15
      3261       -15
      3262       -14
      3263       -13
      3264       -13
      3265       -13
      3266       -12
      3267       -12
      3268       -12
      3269       -11
      3270       -11
      3271       -11
      3272       -11
      3273       -11
      3274       -11
      3275       -11
      3276       -11
      3277       -11
      3278       -10
      3279       -10
      3280       -10
      3281       -10
      3282       -10
      3283       -10
      3284       -10
      3285       -10
      3286       -10
      3287       -10
      3288       -10
      3289       -10
      3290       -10
      3291       -10
      3292       -10
      3293       -10
      3294       -10
      3295       -10
      3296       -10
      3297       -10
      3298       -10
      3299         0
      3300         0
      3301         0
      3302         0
      3303         0
      3304         0
      3305         0
      3306         0
      3307         0
      3308         0
      3309         0
      3310         0
      3311         0
      3312         0
      3313         0
      3314         0
      3315         0
      3316         0
      3317         0
      3318         0
      3319         0
      3320         0
      3321         0
      3322        -1
      3323        -1
      3324        -2
      3325        -3
      3326        -5
      3327        -6
      3328        -8
      3329       -10
      3330       -12
      3331       -14
      3332       -16
      3333       -18
      3334       -20
      3335       -22
      3336       -24
      3337       -26
      3338       -28
      3339       -30
      3340       -32
      3341       -33
      3342       -35
      3343       -36
      3344       -37
      3345       -38
      3346       -39
      3347       -40
      3348       -41
      3349       -42
      3350       -42
      3351       -43
      3352       -43
      3353       -43
      3354       -44
      3355       -44
      3356       -43
      3357       -43
      3358       -43
      3359       -43
      3360       -42
      3361       -42
      3362       -41
      3363       -41
      3364       -41
      3365       -40
      3366       -40
      3367       -40
      3368       -39
      3369       -39
      3370       -38
      3371       -38
      3372       -38
      3373       -38
      3374       -37
      3375       -37
      3376       -37
      3377       -37
      3378       -36
      3379       -36
      3380       -36
      3381       -36
      3382       -36
      3383       -36
      3384       -36
      3385       -35
      3386       -35
      3387       -35
      3388       -35
      3389       -35
      3390       -35
      3391       -35
      3392       -35
      3393       -35
      3394       -35
      3395       -35
      3396       -35
      3397       -35
      3398       -35
      3399       -35
      3400       -34
      3401       -34
      3402       -34
      3403       -34
      3404       -34
      3405       -34
      3406       -34
      3407       -34
      3408       -34
      3409         0
      3410         0
      3411         0
      3412         0
      3413         0
      3414         0
      3415         0
      3416         0
      3417         0
      3418         0
      3419         0
      3420         0
      3421         0
      3422         0
      3423         0
      3424         0
      3425         0
      3426         0
      3427         0
      3428         0
      3429         0
      3430         0
      3431         0
      3432         0
      3433         0
      3434         0
      3435        -2
      3436        -5
      3437        -9
      3438       -12
      3439       -16
      3440       -19
      3441       -21
      3442       -23
      3443       -24
      3444       -25
      3445       -26
      3446       -26
      3447       -26
      3448       -26
      3449       -26
      3450       -26
      3451       -26
      3452       -25
      3453       -25
      3454       -25
      3455       -24
      3456       -24
      3457       -23
      3458       -23
      3459       -22
      3460       -22
      3461       -21
      3462       -20
      3463       -20
      3464       -19
      3465       -19
      3466       -18
      3467       -17
      3468       -17
      3469       -16
      3470       -15
      3471       -15
      3472       -14
      3473       -13
      3474       -13
      3475       -12
      3476       -12
      3477       -11
      3478       -11
      3479       -11
      3480       -11
      3481       -10
      3482       -10
      3483       -10
      3484       -10
      3485       -10
      3486       -10
      3487        -9
      3488        -9
      3489        -9
      3490        -9
      3491        -9
      3492        -9
      3493        -9
      3494        -9
      3495        -9
      3496        -9
      3497        -9
      3498        -9
      3499        -9
      3500        -9
      3501        -9
      3502        -9
      3503        -9
      3504        -9
      3505        -9
      3506        -9
      3507        -9
      3508        -9
      3509        -9
      3510        -9
      3511        -9
      3512        -9
      3513        -9
      3514        -9
      3515        -9
      3516        -9
      3517        -9
      3518        -9
      3519         0
      3520         0
      3521         0
      3522         0
      3523         0
      3524         0
      3525         0
      3526         0
      3527         0
      3528         0
      3529         0
      3530         0
      3531         0
      3532         0
      3533         0
      3534         0
      3535         0
      3536         0
      3537         0
      3538         0
      3539         0
      3540         0
      3541         0
      3542         0
      3543         0
      3544         0
      3545        -1
      3546        -4
      3547        -7
      3548       -10
      3549       -12
      3550       -15
      3551       -18
      3552       -20
      3553       -21
      3554       -23
      3555       -24
      3556       -25
      3557       -26
      3558       -27
      3559       -28
      3560       -29
      3561       -29
      3562       -30
      3563       -30
      3564       -30
      3565       -30
      3566       -30
      3567       -30
      3568       -30
      3569       -30
      3570       -30
      3571       -30
      3572       -29
      3573       -29
      3574       -28
      3575       -28
      3576       -27
      3577       -26
      3578       -25
      3579       -24
      3580       -23
      3581       -22
      3582       -21
      3583       -20
      3584       -19
      3585       -18
      3586       -17
      3587       -17
      3588       -16
      3589       -16
      3590       -15
      3591       -15
      3592       -14
      3593       -14
      3594       -14
      3595       -13
      3596       -13
      3597       -13
      3598       -13
      3599       -13
      3600       -13
      3601       -13
      3602       -12
      3603       -12
      3604       -12
      3605       -12
      3606       -12
      3607       -12
      3608       -12
      3609       -12
      3610       -12
      3611       -12
      3612       -12
      3613       -12
      3614       -12
      3615       -12
      3616       -12
      3617       -12
      3618       -12
      3619       -12
      3620       -12
      3621       -12
      3622       -12
      3623       -12
      3624       -12
      3625       -12
      3626       -12
      3627       -12
      3628       -12
      3629         0
      3630         0
      3631         0
      3632         0
      3633         0
      3634         0
      3635         0
      3636         0
      3637         0
      3638         0
      3639         0
      3640         0
      3641         0
      3642         0
      3643         0
      3644         0
      3645         0
      3646         0
      3647         0
      3648         0
      3649         0
      3650         0
      3651         0
      3652         0
      3653         0
      3654         0
      3655         0
      3656        -2
      3657        -5
      3658        -7
      3659       -10
      3660       -12
      3661       -15
      3662       -16
      3663       -18
      3664       -19
      3665       -20
      3666       -21
      3667       -22
      3668       -22
      3669       -23
      3670       -23
      3671       -23
      3672       -24
      3673       -24
      3674       -24
      3675       -24
      3676       -24
      3677       -23
      3678       -23
      3679       -23
      3680       -23
      3681       -22
      3682       -22
      3683       -21
      3684       -21
      3685       -20
      3686       -19
      3687       -19
      3688       -18
      3689       -17
      3690       -16
      3691       -15
      3692       -14
      3693       -14
      3694       -13
      3695       -12
      3696       -11
      3697       -11
      3698       -10
      3699       -10
      3700        -9
      3701        -9
      3702        -9
      3703        -8
      3704        -8
      3705        -8
      3706        -8
      3707        -8
      3708        -7
      3709        -7
      3710        -7
      3711        -7
      3712        -7
      3713        -7
      3714        -7
      3715        -7
      3716        -7
      3717        -7
      3718        -7
      3719        -7
      3720        -7
      3721        -7
      3722        -7
      3723        -7
      3724        -7
      3725        -7
      3726        -7
      3727        -7
      3728        -7
      3729        -7
      3730        -7
      3731        -7
      3732        -7
      3733        -7
      3734        -7
      3735        -7
      3736        -7
      3737        -7
      3738        -7
      3739         0
      3740         0
      3741         0
      3742         0
      3743         0
      3744         0
      3745         0
      3746         0
      3747         0
      3748         0
      3749         0
      3750         0
      3751         0
      3752         0
      3753         0
      3754         0
      3755         0
      3756         0
      3757         0
      3758         0
      3759         0
      3760         0
      3761         0
      3762         0
      3763         0
      3764        -1
      3765        -2
      3766        -3
      3767        -5
      3768        -7
      3769        -8
      3770       -10
      3771       -11
      3772       -12
      3773       -13
      3774       -14
      3775       -15
      3776       -16
      3777       -17
      3778       -18
      3779       -18
      3780       -19
      3781       -19
      3782       -20
      3783       -20
      3784       -20
      3785       -21
      3786       -21
      3787       -21
      3788       -21
      3789       -21
      3790       -21
      3791       -21
      3792       -21
      3793       -21
      3794       -20
      3795       -20
      3796       -20
      3797       -19
      3798       -19
      3799       -18
      3800       -17
      3801       -17
      3802       -16
      3803       -16
      3804       -15
      3805       -15
      3806       -14
      3807       -14
      3808       -14
      3809       -13
      3810       -13
      3811       -13
      3812       -13
      3813       -13
      3814       -12
      3815       -12
      3816       -12
      3817       -12
      3818       -12
      3819       -12
      3820       -12
      3821       -12
      3822       -12
      3823       -12
      3824       -12
      3825       -12
      3826       -12
      3827       -12
      3828       -12
      3829       -12
      3830       -12
      3831       -12
      3832       -12
      3833       -12
      3834       -12
      3835       -12
      3836       -12
      3837       -12
      3838       -12
      3839       -12
      3840       -12
      3841       -12
      3842       -12
      3843       -12
      3844       -12
      3845       -12
      3846       -12
      3847       -12
      3848       -12
      3849         0
      3850         0
      3851         0
      3852         0
      3853         0
      3854         0
      3855         0
      3856         0
      3857         0
      3858         0
      3859         0
      3860         0
      3861         0
      3862         0
      3863         0
      3864         0
      3865         0
      3866         0
      3867         0
      3868         0
      3869         0
      3870         0
      3871         0
      3872         0
      3873        -1
      3874        -2
      3875        -5
      3876        -8
      3877       -12
      3878       -15
      3879       -17
      3880       -19
      3881       -21
      3882       -23
      3883       -24
      3884       -24
      3885       -25
      3886       -25
      3887       -25
      3888       -25
      3889       -24
      3890       -24
      3891       -23
      3892       -23
      3893       -22
      3894       -22
      3895       -21
      3896       -21
      3897       -20
      3898       -20
      3899       -19
      3900       -19
      3901       -18
      3902       -18
      3903       -17
      3904       -17
      3905       -16
      3906       -16
      3907       -15
      3908       -15
      3909       -14
      3910       -13
      3911       -13
      3912       -12
      3913       -12
      3914       -11
      3915       -11
      3916       -11
      3917       -10
      3918       -10
      3919       -10
      3920       -10
      3921        -9
      3922        -9
      3923        -9
      3924        -9
      3925        -9
      3926        -9
      3927        -9
      3928        -9
      3929        -9
      3930        -8
      3931        -8
      3932        -8
      3933        -8
      3934        -8
      3935        -8
      3936        -8
      3937        -8
      3938        -8
      3939        -8
      3940        -8
      3941        -8
      3942        -8
      3943        -8
      3944        -8
      3945        -8
      3946        -8
      3947        -8
      3948        -8
      3949        -8
      3950        -8
      3951        -8
      3952        -8
      3953        -8
      3954        -8
      3955        -8
      3956        -8
      3957        -8
      3958        -8
      3959         0
      3960         0
      3961         0
      3962         0
      3963         0
      3964         0
      3965         0
      3966         0
      3967         0
      3968         0
      3969         0
      3970         0
      3971         0
      3972         0
      3973         0
      3974         0
      3975         0
      3976         0
      3977         0
      3978         0
      3979         0
      3980         0
      3981         0
      3982         1
      3983        14
      3984        63
      3985       175
      3986       358
      3987       598
      3988       881
      3989      1192
      3990      1522
      3991      1865
      3992      2216
      3993      2571
      3994      2928
      3995      3283
      3996      3636
      3997      3986
      3998      4332
      3999      4674
      4000      5011
      4001      5341
      4002      5665
      4003      5981
      4004      6290
      4005      6590
      4006      6881
      4007      7162
      4008      7432
      4009      7690
      4010      7937
      4011      8170
      4012      8390
      4013      8596
      4014      8787
      4015      8962
      4016      9120
      4017      9261
      4018      9384
      4019      9491
      4020      9582
      4021      9659
      4022      9723
      4023      9776
      4024      9819
      4025      9854
      4026      9882
      4027      9904
      4028      9923
      4029      9937
      4030      9949
      4031      9959
      4032      9967
      4033      9973
      4034      9978
      4035      9982
      4036      9986
      4037      9989
      4038      9991
      4039      9993
      4040      9994
      4041      9995
      4042      9997
      4043      9997
      4044      9998
      4045      9999
      4046      9999
      4047      9999
      4048     10000
      4049     10000
      4050     10000
      4051     10000
      4052     10000
      4053     10000
      4054     10001
      4055     10001
      4056     10001
      4057     10001
      4058     10001
      4059     10001
      4060     10001
      4061     10001
      4062     10001
      4063     10001
      4064     10001
      4065     10001
      4066     10001
      4067     10001
      4068     10001
      4069         0
      4070         0
      4071         0
      4072         0
      4073         0
      4074         0
      4075         0
      4076         0
      4077         0
      4078         0
      4079         0
      4080         0
      4081         0
      4082         0
      4083         0
      4084         0
      4085         0
      4086         0
      4087         0
      4088         0
      4089         0
      4090         0
      4091         0
      4092         0
      4093         0
      4094         0
      4095         0
      4096         0
