         1         2
         2         2
         3         2
         4         2
         5         2
         6         2
         7         2
         8         2
         9         2
        10         2
        11         2
        12         2
        13         2
        14         2
        15         2
        16         3
        17         3
        18         5
        19         8
        20        17
        21        54
        22       162
        23       384
        24       737
        25      1201
        26      1744
        27      2329
        28      2927
        29      3516
        30      4084
        31      4620
        32      5122
        33      5587
        34      6014
        35      6403
        36      6757
        37      7077
        38      7369
        39      7634
        40      7877
        41      8100
        42      8304
        43      8491
        44      8662
        45      8819
        46      8963
        47      9095
        48      9215
        49      9325
        50      9424
        51      9513
        52      9592
        53      9664
        54      9727
        55      9782
        56      9831
        57      9873
        58      9909
        59      9940
        60      9966
        61      9988
        62     10006
        63     10020
        64     10031
        65     10039
        66     10045
        67     10050
        68     10053
        69     10055
        70     10056
        71     10056
        72     10055
        73     10054
        74     10052
        75     10050
        76     10047
        77     10045
        78     10041
        79     10039
        80     10035
        81     10032
        82     10029
        83     10025
        84     10022
        85     10020
        86     10017
        87     10014
        88     10012
        89     10009
        90     10008
        91     10006
        92     10004
        93     10003
        94     10002
        95     10002
        96     10001
        97     10000
        98     10000
        99      9999
       100      9999
       101      9999
       102      9999
       103      9999
       104      9999
       105      9999
       106      9999
       107      9999
       108     10000
       109         0
       110         0
       111         2
       112         2
       113         2
       114         2
       115         2
       116         2
       117         2
       118         2
       119         2
       120         2
       121         2
       122         2
       123         2
       124         2
       125         2
       126         2
       127         2
       128         2
       129         1
       130         0
       131        -6
       132       -20
       133       -41
       134       -68
       135      -100
       136      -133
       137      -166
       138      -197
       139      -224
       140      -248
       141      -268
       142      -285
       143      -298
       144      -308
       145      -315
       146      -319
       147      -321
       148      -320
       149      -317
       150      -313
       151      -307
       152      -299
       153      -291
       154      -280
       155      -268
       156      -256
       157      -241
       158      -226
       159      -211
       160      -195
       161      -178
       162      -162
       163      -147
       164      -132
       165      -118
       166      -105
       167       -92
       168       -81
       169       -70
       170       -61
       171       -53
       172       -45
       173       -39
       174       -34
       175       -29
       176       -25
       177       -22
       178       -19
       179       -17
       180       -16
       181       -14
       182       -13
       183       -12
       184       -12
       185       -12
       186       -12
       187       -12
       188       -12
       189       -13
       190       -13
       191       -14
       192       -15
       193       -15
       194       -16
       195       -16
       196       -17
       197       -18
       198       -18
       199       -18
       200       -19
       201       -19
       202       -19
       203       -19
       204       -18
       205       -18
       206       -18
       207       -17
       208       -16
       209       -16
       210       -15
       211       -14
       212       -13
       213       -12
       214       -11
       215       -10
       216        -9
       217        -8
       218        -7
       219         0
       220         0
       221         2
       222         2
       223         2
       224         2
       225         2
       226         2
       227         2
       228         2
       229         2
       230         2
       231         2
       232         2
       233         2
       234         2
       235         2
       236         2
       237         2
       238         2
       239         2
       240         1
       241         0
       242        -3
       243       -10
       244       -18
       245       -27
       246       -36
       247       -44
       248       -52
       249       -58
       250       -64
       251       -68
       252       -72
       253       -75
       254       -77
       255       -78
       256       -79
       257       -79
       258       -80
       259       -80
       260       -80
       261       -79
       262       -79
       263       -78
       264       -76
       265       -74
       266       -71
       267       -68
       268       -64
       269       -60
       270       -56
       271       -51
       272       -46
       273       -42
       274       -38
       275       -34
       276       -31
       277       -27
       278       -24
       279       -21
       280       -18
       281       -15
       282       -13
       283       -11
       284        -9
       285        -8
       286        -6
       287        -5
       288        -5
       289        -4
       290        -4
       291        -4
       292        -4
       293        -4
       294        -5
       295        -5
       296        -6
       297        -7
       298        -8
       299        -9
       300       -10
       301       -11
       302       -12
       303       -13
       304       -14
       305       -15
       306       -16
       307       -17
       308       -18
       309       -19
       310       -19
       311       -19
       312       -20
       313       -20
       314       -19
       315       -19
       316       -19
       317       -19
       318       -18
       319       -18
       320       -17
       321       -16
       322       -15
       323       -14
       324       -14
       325       -13
       326       -12
       327       -11
       328       -10
       329         0
       330         0
       331        -2
       332        -2
       333        -2
       334        -2
       335        -2
       336        -2
       337        -2
       338        -2
       339        -2
       340        -2
       341        -2
       342        -2
       343        -2
       344        -2
       345        -2
       346        -2
       347        -2
       348        -2
       349        -2
       350        -2
       351        -3
       352        -5
       353        -9
       354       -13
       355       -17
       356       -21
       357       -25
       358       -29
       359       -32
       360       -35
       361       -38
       362       -41
       363       -43
       364       -45
       365       -47
       366       -48
       367       -49
       368       -50
       369       -51
       370       -52
       371       -53
       372       -53
       373       -53
       374       -53
       375       -53
       376       -52
       377       -50
       378       -48
       379       -46
       380       -44
       381       -41
       382       -39
       383       -37
       384       -34
       385       -32
       386       -29
       387       -27
       388       -25
       389       -23
       390       -21
       391       -19
       392       -17
       393       -16
       394       -15
       395       -13
       396       -12
       397       -11
       398       -10
       399       -10
       400       -10
       401       -10
       402       -10
       403       -10
       404       -10
       405       -11
       406       -11
       407       -12
       408       -13
       409       -14
       410       -15
       411       -16
       412       -17
       413       -17
       414       -18
       415       -19
       416       -20
       417       -21
       418       -22
       419       -22
       420       -23
       421       -23
       422       -23
       423       -23
       424       -23
       425       -23
       426       -23
       427       -23
       428       -22
       429       -22
       430       -21
       431       -20
       432       -20
       433       -19
       434       -18
       435       -17
       436       -16
       437       -16
       438       -15
       439         0
       440         0
       441        -2
       442        -2
       443        -2
       444        -2
       445        -2
       446        -2
       447        -2
       448        -2
       449        -2
       450        -2
       451        -2
       452        -2
       453        -2
       454        -2
       455        -2
       456        -2
       457        -2
       458        -2
       459        -3
       460        -3
       461        -5
       462        -9
       463       -16
       464       -24
       465       -33
       466       -41
       467       -49
       468       -55
       469       -62
       470       -66
       471       -71
       472       -75
       473       -77
       474       -80
       475       -81
       476       -83
       477       -83
       478       -84
       479       -84
       480       -84
       481       -84
       482       -84
       483       -83
       484       -82
       485       -80
       486       -78
       487       -75
       488       -71
       489       -68
       490       -64
       491       -60
       492       -56
       493       -52
       494       -47
       495       -44
       496       -40
       497       -37
       498       -33
       499       -30
       500       -27
       501       -25
       502       -22
       503       -20
       504       -18
       505       -16
       506       -15
       507       -14
       508       -13
       509       -12
       510       -12
       511       -11
       512       -11
       513       -11
       514       -11
       515       -12
       516       -12
       517       -12
       518       -13
       519       -14
       520       -14
       521       -15
       522       -16
       523       -17
       524       -17
       525       -18
       526       -19
       527       -19
       528       -20
       529       -20
       530       -21
       531       -21
       532       -21
       533       -21
       534       -21
       535       -21
       536       -21
       537       -20
       538       -20
       539       -19
       540       -19
       541       -18
       542       -17
       543       -17
       544       -16
       545       -15
       546       -14
       547       -14
       548       -13
       549         0
       550         0
       551        -2
       552        -2
       553        -2
       554        -2
       555        -2
       556        -2
       557        -2
       558        -2
       559        -2
       560        -2
       561        -2
       562        -2
       563        -2
       564        -2
       565        -2
       566        -2
       567        -2
       568        -3
       569        -4
       570        -7
       571       -14
       572       -28
       573       -51
       574       -83
       575      -119
       576      -159
       577      -198
       578      -234
       579      -267
       580      -294
       581      -316
       582      -333
       583      -345
       584      -354
       585      -359
       586      -361
       587      -361
       588      -358
       589      -352
       590      -345
       591      -336
       592      -324
       593      -311
       594      -296
       595      -278
       596      -260
       597      -239
       598      -218
       599      -197
       600      -176
       601      -155
       602      -135
       603      -116
       604       -98
       605       -81
       606       -67
       607       -53
       608       -41
       609       -31
       610       -22
       611       -14
       612        -8
       613        -4
       614         0
       615         2
       616         4
       617         5
       618         6
       619         5
       620         5
       621         4
       622         2
       623         1
       624         0
       625        -2
       626        -5
       627        -7
       628       -10
       629       -12
       630       -15
       631       -17
       632       -20
       633       -22
       634       -24
       635       -27
       636       -29
       637       -30
       638       -32
       639       -33
       640       -34
       641       -35
       642       -35
       643       -36
       644       -36
       645       -36
       646       -35
       647       -35
       648       -34
       649       -33
       650       -32
       651       -31
       652       -30
       653       -28
       654       -27
       655       -26
       656       -24
       657       -23
       658       -21
       659         0
       660         0
       661        -2
       662        -2
       663        -2
       664        -2
       665        -2
       666        -2
       667        -2
       668        -2
       669        -2
       670        -2
       671        -2
       672        -2
       673        -2
       674        -2
       675        -2
       676        -3
       677        -3
       678        -4
       679        -7
       680       -14
       681       -28
       682       -55
       683       -98
       684      -160
       685      -239
       686      -330
       687      -429
       688      -529
       689      -622
       690      -706
       691      -775
       692      -829
       693      -869
       694      -894
       695      -906
       696      -906
       697      -896
       698      -877
       699      -851
       700      -818
       701      -781
       702      -740
       703      -695
       704      -649
       705      -600
       706      -551
       707      -502
       708      -454
       709      -408
       710      -363
       711      -321
       712      -283
       713      -247
       714      -215
       715      -187
       716      -162
       717      -139
       718      -120
       719      -104
       720       -91
       721       -80
       722       -71
       723       -64
       724       -59
       725       -55
       726       -52
       727       -49
       728       -48
       729       -47
       730       -47
       731       -47
       732       -48
       733       -48
       734       -49
       735       -50
       736       -52
       737       -53
       738       -54
       739       -56
       740       -57
       741       -59
       742       -60
       743       -62
       744       -63
       745       -64
       746       -65
       747       -66
       748       -67
       749       -67
       750       -68
       751       -68
       752       -68
       753       -68
       754       -68
       755       -67
       756       -67
       757       -66
       758       -66
       759       -65
       760       -65
       761       -64
       762       -63
       763       -62
       764       -62
       765       -61
       766       -60
       767       -59
       768       -58
       769         0
       770         0
       771        -2
       772        -2
       773        -2
       774        -2
       775        -2
       776        -2
       777        -2
       778        -2
       779        -2
       780        -2
       781        -2
       782        -2
       783        -2
       784        -2
       785        -2
       786        -2
       787        -2
       788        -3
       789        -3
       790        -6
       791       -14
       792       -28
       793       -50
       794       -77
       795      -107
       796      -136
       797      -163
       798      -188
       799      -209
       800      -226
       801      -240
       802      -251
       803      -257
       804      -261
       805      -263
       806      -262
       807      -259
       808      -254
       809      -248
       810      -241
       811      -233
       812      -224
       813      -215
       814      -204
       815      -192
       816      -180
       817      -166
       818      -153
       819      -140
       820      -127
       821      -114
       822      -102
       823       -91
       824       -80
       825       -70
       826       -61
       827       -53
       828       -46
       829       -39
       830       -34
       831       -29
       832       -26
       833       -22
       834       -20
       835       -18
       836       -17
       837       -15
       838       -15
       839       -14
       840       -14
       841       -14
       842       -14
       843       -14
       844       -14
       845       -14
       846       -15
       847       -16
       848       -16
       849       -17
       850       -17
       851       -18
       852       -18
       853       -19
       854       -19
       855       -19
       856       -20
       857       -20
       858       -21
       859       -21
       860       -21
       861       -21
       862       -21
       863       -21
       864       -20
       865       -20
       866       -20
       867       -19
       868       -19
       869       -18
       870       -17
       871       -17
       872       -16
       873       -16
       874       -15
       875       -14
       876       -14
       877       -13
       878       -13
       879         0
       880         0
       881         2
       882         2
       883         2
       884         2
       885         2
       886         2
       887         2
       888         2
       889         2
       890         2
       891         2
       892         2
       893         2
       894         2
       895         2
       896         2
       897         2
       898         2
       899         2
       900         1
       901         0
       902        -3
       903        -7
       904       -12
       905       -17
       906       -21
       907       -25
       908       -29
       909       -32
       910       -34
       911       -36
       912       -38
       913       -39
       914       -40
       915       -40
       916       -41
       917       -41
       918       -41
       919       -41
       920       -41
       921       -41
       922       -41
       923       -40
       924       -39
       925       -37
       926       -36
       927       -34
       928       -32
       929       -29
       930       -27
       931       -25
       932       -23
       933       -21
       934       -19
       935       -17
       936       -15
       937       -13
       938       -12
       939       -10
       940        -9
       941        -7
       942        -6
       943        -5
       944        -4
       945        -4
       946        -3
       947        -3
       948        -2
       949        -2
       950        -2
       951        -2
       952        -2
       953        -3
       954        -3
       955        -3
       956        -4
       957        -5
       958        -5
       959        -6
       960        -6
       961        -7
       962        -7
       963        -8
       964        -8
       965        -9
       966        -9
       967       -10
       968       -10
       969       -10
       970       -10
       971       -10
       972       -11
       973       -11
       974       -11
       975       -10
       976       -10
       977       -10
       978       -10
       979        -9
       980        -9
       981        -8
       982        -8
       983        -8
       984        -7
       985        -7
       986        -6
       987        -6
       988        -5
       989         0
       990         0
       991         2
       992         2
       993         2
       994         2
       995         2
       996         2
       997         2
       998         2
       999         2
      1000         2
      1001         2
      1002         2
      1003         2
      1004         2
      1005         2
      1006         2
      1007         2
      1008         2
      1009         2
      1010         2
      1011         2
      1012         0
      1013        -1
      1014        -3
      1015        -6
      1016        -9
      1017       -11
      1018       -14
      1019       -16
      1020       -18
      1021       -20
      1022       -22
      1023       -24
      1024       -25
      1025       -26
      1026       -27
      1027       -27
      1028       -28
      1029       -29
      1030       -29
      1031       -30
      1032       -30
      1033       -31
      1034       -31
      1035       -30
      1036       -30
      1037       -28
      1038       -27
      1039       -26
      1040       -24
      1041       -22
      1042       -20
      1043       -19
      1044       -17
      1045       -15
      1046       -14
      1047       -12
      1048       -11
      1049        -9
      1050        -8
      1051        -7
      1052        -6
      1053        -5
      1054        -4
      1055        -3
      1056        -2
      1057        -1
      1058        -1
      1059        -1
      1060         0
      1061         0
      1062         0
      1063        -1
      1064        -1
      1065        -1
      1066        -2
      1067        -2
      1068        -3
      1069        -3
      1070        -4
      1071        -5
      1072        -6
      1073        -6
      1074        -7
      1075        -8
      1076        -8
      1077        -9
      1078        -9
      1079       -10
      1080       -10
      1081       -10
      1082       -11
      1083       -11
      1084       -11
      1085       -10
      1086       -10
      1087       -10
      1088       -10
      1089       -10
      1090        -9
      1091        -9
      1092        -8
      1093        -8
      1094        -8
      1095        -7
      1096        -7
      1097        -6
      1098        -6
      1099         0
      1100         0
      1101        -2
      1102        -2
      1103        -2
      1104        -2
      1105        -2
      1106        -2
      1107        -2
      1108        -2
      1109        -2
      1110        -2
      1111        -2
      1112        -2
      1113        -2
      1114        -2
      1115        -2
      1116        -2
      1117        -2
      1118        -2
      1119        -2
      1120        -3
      1121        -4
      1122        -7
      1123       -12
      1124       -17
      1125       -23
      1126       -28
      1127       -33
      1128       -37
      1129       -41
      1130       -44
      1131       -47
      1132       -49
      1133       -51
      1134       -52
      1135       -53
      1136       -54
      1137       -55
      1138       -55
      1139       -56
      1140       -56
      1141       -56
      1142       -56
      1143       -55
      1144       -55
      1145       -53
      1146       -51
      1147       -49
      1148       -47
      1149       -44
      1150       -42
      1151       -39
      1152       -36
      1153       -33
      1154       -30
      1155       -28
      1156       -25
      1157       -23
      1158       -21
      1159       -19
      1160       -17
      1161       -15
      1162       -14
      1163       -13
      1164       -11
      1165       -11
      1166       -10
      1167        -9
      1168        -9
      1169        -8
      1170        -8
      1171        -8
      1172        -8
      1173        -8
      1174        -8
      1175        -9
      1176        -9
      1177       -10
      1178       -10
      1179       -11
      1180       -12
      1181       -12
      1182       -13
      1183       -14
      1184       -14
      1185       -15
      1186       -15
      1187       -16
      1188       -16
      1189       -16
      1190       -17
      1191       -17
      1192       -17
      1193       -17
      1194       -17
      1195       -17
      1196       -17
      1197       -16
      1198       -16
      1199       -16
      1200       -15
      1201       -15
      1202       -14
      1203       -14
      1204       -13
      1205       -12
      1206       -12
      1207       -11
      1208       -11
      1209         0
      1210         0
      1211        -2
      1212        -2
      1213        -2
      1214        -2
      1215        -2
      1216        -2
      1217        -2
      1218        -2
      1219        -2
      1220        -2
      1221        -2
      1222        -2
      1223        -2
      1224        -2
      1225        -2
      1226        -2
      1227        -2
      1228        -3
      1229        -3
      1230        -4
      1231        -9
      1232       -20
      1233       -40
      1234       -67
      1235       -98
      1236      -131
      1237      -163
      1238      -192
      1239      -217
      1240      -238
      1241      -255
      1242      -267
      1243      -276
      1244      -282
      1245      -284
      1246      -284
      1247      -281
      1248      -277
      1249      -271
      1250      -264
      1251      -255
      1252      -245
      1253      -234
      1254      -222
      1255      -208
      1256      -193
      1257      -178
      1258      -162
      1259      -146
      1260      -131
      1261      -115
      1262      -101
      1263       -87
      1264       -74
      1265       -62
      1266       -52
      1267       -42
      1268       -34
      1269       -27
      1270       -21
      1271       -16
      1272       -13
      1273        -9
      1274        -7
      1275        -6
      1276        -5
      1277        -4
      1278        -4
      1279        -4
      1280        -4
      1281        -5
      1282        -5
      1283        -6
      1284        -7
      1285        -8
      1286        -9
      1287       -11
      1288       -12
      1289       -13
      1290       -14
      1291       -15
      1292       -16
      1293       -18
      1294       -19
      1295       -20
      1296       -20
      1297       -21
      1298       -22
      1299       -22
      1300       -22
      1301       -23
      1302       -23
      1303       -23
      1304       -23
      1305       -22
      1306       -22
      1307       -21
      1308       -21
      1309       -20
      1310       -20
      1311       -19
      1312       -18
      1313       -17
      1314       -17
      1315       -16
      1316       -15
      1317       -14
      1318       -13
      1319         0
      1320         0
      1321        -3
      1322        -2
      1323        -2
      1324        -2
      1325        -2
      1326        -2
      1327        -2
      1328        -2
      1329        -2
      1330        -2
      1331        -2
      1332        -2
      1333        -2
      1334        -2
      1335        -2
      1336        -2
      1337        -2
      1338        -3
      1339        -3
      1340        -4
      1341        -7
      1342       -12
      1343       -21
      1344       -35
      1345       -55
      1346       -80
      1347      -110
      1348      -144
      1349      -178
      1350      -211
      1351      -240
      1352      -265
      1353      -286
      1354      -303
      1355      -317
      1356      -327
      1357      -334
      1358      -338
      1359      -339
      1360      -337
      1361      -332
      1362      -324
      1363      -313
      1364      -299
      1365      -282
      1366      -263
      1367      -241
      1368      -219
      1369      -195
      1370      -172
      1371      -149
      1372      -127
      1373      -105
      1374       -86
      1375       -67
      1376       -51
      1377       -36
      1378       -22
      1379       -11
      1380         0
      1381         7
      1382        15
      1383        21
      1384        25
      1385        29
      1386        32
      1387        34
      1388        35
      1389        35
      1390        35
      1391        34
      1392        32
      1393        30
      1394        27
      1395        25
      1396        21
      1397        18
      1398        14
      1399        10
      1400         6
      1401         2
      1402        -1
      1403        -5
      1404        -9
      1405       -12
      1406       -16
      1407       -19
      1408       -22
      1409       -25
      1410       -27
      1411       -30
      1412       -32
      1413       -33
      1414       -34
      1415       -36
      1416       -36
      1417       -37
      1418       -37
      1419       -38
      1420       -38
      1421       -37
      1422       -37
      1423       -36
      1424       -36
      1425       -35
      1426       -34
      1427       -33
      1428       -32
      1429         0
      1430         0
      1431        -2
      1432        -2
      1433        -2
      1434        -2
      1435        -2
      1436        -2
      1437        -2
      1438        -2
      1439        -2
      1440        -2
      1441        -2
      1442        -2
      1443        -2
      1444        -2
      1445        -2
      1446        -2
      1447        -2
      1448        -2
      1449        -2
      1450        -3
      1451        -5
      1452       -11
      1453       -20
      1454       -31
      1455       -44
      1456       -57
      1457       -70
      1458       -82
      1459       -93
      1460      -102
      1461      -110
      1462      -117
      1463      -123
      1464      -127
      1465      -130
      1466      -133
      1467      -134
      1468      -135
      1469      -135
      1470      -134
      1471      -132
      1472      -130
      1473      -128
      1474      -124
      1475      -119
      1476      -114
      1477      -109
      1478      -103
      1479       -97
      1480       -90
      1481       -83
      1482       -77
      1483       -70
      1484       -64
      1485       -58
      1486       -52
      1487       -48
      1488       -43
      1489       -39
      1490       -35
      1491       -32
      1492       -29
      1493       -26
      1494       -24
      1495       -23
      1496       -21
      1497       -20
      1498       -19
      1499       -19
      1500       -18
      1501       -18
      1502       -17
      1503       -18
      1504       -18
      1505       -18
      1506       -18
      1507       -18
      1508       -18
      1509       -19
      1510       -19
      1511       -19
      1512       -20
      1513       -20
      1514       -20
      1515       -21
      1516       -21
      1517       -21
      1518       -21
      1519       -21
      1520       -21
      1521       -21
      1522       -21
      1523       -20
      1524       -20
      1525       -20
      1526       -20
      1527       -19
      1528       -18
      1529       -18
      1530       -17
      1531       -17
      1532       -16
      1533       -16
      1534       -15
      1535       -14
      1536       -13
      1537       -13
      1538       -13
      1539         0
      1540         0
      1541        -2
      1542        -2
      1543        -2
      1544        -2
      1545        -2
      1546        -2
      1547        -3
      1548        -2
      1549        -3
      1550        -3
      1551        -3
      1552        -2
      1553        -2
      1554        -2
      1555        -2
      1556        -2
      1557        -2
      1558        -3
      1559        -3
      1560        -3
      1561        -5
      1562        -8
      1563       -12
      1564       -17
      1565       -22
      1566       -26
      1567       -30
      1568       -34
      1569       -37
      1570       -40
      1571       -43
      1572       -45
      1573       -46
      1574       -47
      1575       -48
      1576       -49
      1577       -50
      1578       -50
      1579       -50
      1580       -51
      1581       -51
      1582       -51
      1583       -51
      1584       -50
      1585       -49
      1586       -47
      1587       -46
      1588       -44
      1589       -41
      1590       -39
      1591       -36
      1592       -34
      1593       -32
      1594       -30
      1595       -28
      1596       -26
      1597       -24
      1598       -22
      1599       -21
      1600       -19
      1601       -17
      1602       -16
      1603       -15
      1604       -14
      1605       -12
      1606       -12
      1607       -11
      1608       -11
      1609       -11
      1610       -11
      1611       -11
      1612       -11
      1613       -11
      1614       -12
      1615       -12
      1616       -13
      1617       -13
      1618       -14
      1619       -15
      1620       -15
      1621       -16
      1622       -17
      1623       -17
      1624       -18
      1625       -18
      1626       -19
      1627       -20
      1628       -20
      1629       -20
      1630       -20
      1631       -21
      1632       -21
      1633       -21
      1634       -20
      1635       -20
      1636       -20
      1637       -20
      1638       -19
      1639       -19
      1640       -19
      1641       -18
      1642       -17
      1643       -17
      1644       -16
      1645       -16
      1646       -15
      1647       -15
      1648       -14
      1649         0
      1650         0
      1651         2
      1652         2
      1653         2
      1654         2
      1655         2
      1656         2
      1657         2
      1658         2
      1659         2
      1660         2
      1661         2
      1662         2
      1663         2
      1664         2
      1665         2
      1666         2
      1667         2
      1668         2
      1669         2
      1670         2
      1671         1
      1672         0
      1673        -2
      1674        -5
      1675        -9
      1676       -12
      1677       -15
      1678       -18
      1679       -21
      1680       -23
      1681       -25
      1682       -27
      1683       -29
      1684       -30
      1685       -31
      1686       -32
      1687       -33
      1688       -33
      1689       -34
      1690       -35
      1691       -36
      1692       -36
      1693       -36
      1694       -36
      1695       -36
      1696       -35
      1697       -34
      1698       -33
      1699       -31
      1700       -30
      1701       -28
      1702       -26
      1703       -25
      1704       -23
      1705       -21
      1706       -20
      1707       -18
      1708       -17
      1709       -15
      1710       -14
      1711       -12
      1712       -11
      1713        -9
      1714        -8
      1715        -7
      1716        -6
      1717        -6
      1718        -5
      1719        -5
      1720        -5
      1721        -5
      1722        -5
      1723        -5
      1724        -5
      1725        -6
      1726        -6
      1727        -7
      1728        -7
      1729        -8
      1730        -8
      1731        -9
      1732        -9
      1733       -10
      1734       -11
      1735       -11
      1736       -12
      1737       -13
      1738       -13
      1739       -13
      1740       -14
      1741       -14
      1742       -14
      1743       -14
      1744       -14
      1745       -14
      1746       -14
      1747       -14
      1748       -13
      1749       -13
      1750       -13
      1751       -12
      1752       -12
      1753       -11
      1754       -10
      1755       -10
      1756        -9
      1757        -9
      1758        -9
      1759         0
      1760         0
      1761         2
      1762         2
      1763         2
      1764         2
      1765         2
      1766         2
      1767         2
      1768         2
      1769         2
      1770         2
      1771         2
      1772         2
      1773         2
      1774         2
      1775         2
      1776         2
      1777         2
      1778         2
      1779         2
      1780         1
      1781         0
      1782        -2
      1783        -6
      1784       -11
      1785       -15
      1786       -20
      1787       -24
      1788       -28
      1789       -32
      1790       -35
      1791       -38
      1792       -40
      1793       -43
      1794       -44
      1795       -46
      1796       -47
      1797       -48
      1798       -49
      1799       -50
      1800       -50
      1801       -51
      1802       -51
      1803       -51
      1804       -50
      1805       -49
      1806       -48
      1807       -46
      1808       -44
      1809       -42
      1810       -39
      1811       -37
      1812       -34
      1813       -32
      1814       -30
      1815       -27
      1816       -25
      1817       -23
      1818       -21
      1819       -19
      1820       -17
      1821       -15
      1822       -13
      1823       -12
      1824       -11
      1825       -10
      1826        -9
      1827        -8
      1828        -8
      1829        -7
      1830        -7
      1831        -7
      1832        -7
      1833        -7
      1834        -8
      1835        -8
      1836        -8
      1837        -9
      1838        -9
      1839       -10
      1840       -11
      1841       -11
      1842       -12
      1843       -12
      1844       -13
      1845       -13
      1846       -14
      1847       -14
      1848       -15
      1849       -15
      1850       -15
      1851       -15
      1852       -15
      1853       -15
      1854       -15
      1855       -15
      1856       -15
      1857       -15
      1858       -15
      1859       -14
      1860       -14
      1861       -13
      1862       -13
      1863       -12
      1864       -12
      1865       -12
      1866       -11
      1867       -11
      1868       -10
      1869         0
      1870         0
      1871        -2
      1872        -2
      1873        -2
      1874        -2
      1875        -2
      1876        -2
      1877        -2
      1878        -2
      1879        -2
      1880        -2
      1881        -2
      1882        -2
      1883        -2
      1884        -2
      1885        -2
      1886        -2
      1887        -2
      1888        -2
      1889        -3
      1890        -3
      1891        -7
      1892       -13
      1893       -24
      1894       -37
      1895       -52
      1896       -66
      1897       -79
      1898       -91
      1899      -101
      1900      -109
      1901      -116
      1902      -122
      1903      -126
      1904      -129
      1905      -131
      1906      -132
      1907      -133
      1908      -132
      1909      -131
      1910      -129
      1911      -127
      1912      -124
      1913      -120
      1914      -115
      1915      -109
      1916      -103
      1917       -96
      1918       -89
      1919       -82
      1920       -74
      1921       -67
      1922       -60
      1923       -53
      1924       -47
      1925       -41
      1926       -35
      1927       -31
      1928       -27
      1929       -23
      1930       -20
      1931       -17
      1932       -15
      1933       -13
      1934       -12
      1935       -11
      1936       -11
      1937       -10
      1938       -10
      1939       -10
      1940       -10
      1941       -11
      1942       -11
      1943       -11
      1944       -12
      1945       -13
      1946       -13
      1947       -14
      1948       -14
      1949       -15
      1950       -15
      1951       -16
      1952       -17
      1953       -17
      1954       -18
      1955       -18
      1956       -18
      1957       -19
      1958       -19
      1959       -19
      1960       -19
      1961       -19
      1962       -19
      1963       -19
      1964       -18
      1965       -18
      1966       -18
      1967       -17
      1968       -17
      1969       -17
      1970       -16
      1971       -15
      1972       -15
      1973       -14
      1974       -14
      1975       -13
      1976       -13
      1977       -12
      1978       -12
      1979         0
      1980         0
      1981        -2
      1982        -3
      1983        -2
      1984        -2
      1985        -2
      1986        -2
      1987        -2
      1988        -2
      1989        -2
      1990        -2
      1991        -2
      1992        -2
      1993        -2
      1994        -2
      1995        -2
      1996        -2
      1997        -2
      1998        -2
      1999        -3
      2000        -3
      2001        -3
      2002        -2
      2003         0
      2004         1
      2005         4
      2006         3
      2007        -2
      2008       -13
      2009       -28
      2010       -43
      2011       -57
      2012       -68
      2013       -77
      2014       -83
      2015       -88
      2016       -93
      2017       -96
      2018       -98
      2019      -100
      2020      -100
      2021       -99
      2022       -97
      2023       -93
      2024       -88
      2025       -82
      2026       -73
      2027       -62
      2028       -52
      2029       -41
      2030       -30
      2031       -21
      2032       -11
      2033        -3
      2034         3
      2035        10
      2036        16
      2037        20
      2038        24
      2039        27
      2040        29
      2041        31
      2042        33
      2043        33
      2044        34
      2045        34
      2046        33
      2047        32
      2048        31
      2049        30
      2050        28
      2051        25
      2052        23
      2053        21
      2054        18
      2055        15
      2056        11
      2057         8
      2058         4
      2059         0
      2060        -2
      2061        -6
      2062        -9
      2063       -12
      2064       -15
      2065       -18
      2066       -21
      2067       -23
      2068       -26
      2069       -27
      2070       -29
      2071       -31
      2072       -32
      2073       -33
      2074       -34
      2075       -34
      2076       -34
      2077       -35
      2078       -35
      2079       -34
      2080       -34
      2081       -33
      2082       -33
      2083       -32
      2084       -32
      2085       -31
      2086       -30
      2087       -29
      2088       -28
      2089         0
      2090         0
      2091        -2
      2092        -2
      2093        -2
      2094        -2
      2095        -2
      2096        -2
      2097        -2
      2098        -2
      2099        -2
      2100        -2
      2101        -2
      2102        -2
      2103        -2
      2104        -2
      2105        -2
      2106        -2
      2107        -2
      2108        -2
      2109        -2
      2110        -3
      2111        -4
      2112        -7
      2113       -10
      2114       -15
      2115       -20
      2116       -26
      2117       -31
      2118       -36
      2119       -40
      2120       -44
      2121       -47
      2122       -50
      2123       -52
      2124       -54
      2125       -56
      2126       -58
      2127       -59
      2128       -60
      2129       -61
      2130       -61
      2131       -61
      2132       -62
      2133       -62
      2134       -61
      2135       -60
      2136       -59
      2137       -58
      2138       -56
      2139       -54
      2140       -52
      2141       -49
      2142       -47
      2143       -44
      2144       -42
      2145       -39
      2146       -37
      2147       -34
      2148       -32
      2149       -30
      2150       -28
      2151       -26
      2152       -24
      2153       -23
      2154       -22
      2155       -20
      2156       -19
      2157       -18
      2158       -17
      2159       -17
      2160       -16
      2161       -16
      2162       -16
      2163       -16
      2164       -16
      2165       -16
      2166       -16
      2167       -16
      2168       -17
      2169       -17
      2170       -18
      2171       -18
      2172       -19
      2173       -19
      2174       -20
      2175       -20
      2176       -20
      2177       -21
      2178       -21
      2179       -21
      2180       -21
      2181       -22
      2182       -22
      2183       -22
      2184       -21
      2185       -21
      2186       -21
      2187       -21
      2188       -20
      2189       -20
      2190       -19
      2191       -19
      2192       -18
      2193       -18
      2194       -17
      2195       -17
      2196       -16
      2197       -15
      2198       -15
      2199         0
      2200         0
      2201         2
      2202         2
      2203         2
      2204         2
      2205         2
      2206         2
      2207         2
      2208         2
      2209         2
      2210         2
      2211         2
      2212         2
      2213         2
      2214         2
      2215         2
      2216         2
      2217         2
      2218         2
      2219         2
      2220         1
      2221         0
      2222        -1
      2223        -5
      2224        -9
      2225       -14
      2226       -18
      2227       -22
      2228       -25
      2229       -28
      2230       -31
      2231       -33
      2232       -35
      2233       -36
      2234       -38
      2235       -39
      2236       -39
      2237       -40
      2238       -40
      2239       -41
      2240       -41
      2241       -41
      2242       -42
      2243       -42
      2244       -42
      2245       -41
      2246       -40
      2247       -38
      2248       -36
      2249       -35
      2250       -33
      2251       -31
      2252       -28
      2253       -27
      2254       -25
      2255       -23
      2256       -21
      2257       -20
      2258       -18
      2259       -16
      2260       -15
      2261       -14
      2262       -12
      2263       -11
      2264       -10
      2265        -9
      2266        -8
      2267        -7
      2268        -7
      2269        -7
      2270        -7
      2271        -7
      2272        -7
      2273        -8
      2274        -8
      2275        -9
      2276        -9
      2277       -10
      2278       -11
      2279       -12
      2280       -12
      2281       -13
      2282       -14
      2283       -15
      2284       -15
      2285       -16
      2286       -16
      2287       -17
      2288       -17
      2289       -18
      2290       -18
      2291       -18
      2292       -18
      2293       -18
      2294       -18
      2295       -18
      2296       -17
      2297       -17
      2298       -17
      2299       -16
      2300       -15
      2301       -15
      2302       -14
      2303       -14
      2304       -13
      2305       -13
      2306       -12
      2307       -11
      2308       -11
      2309         0
      2310         0
      2311         2
      2312         2
      2313         2
      2314         2
      2315         2
      2316         2
      2317         2
      2318         2
      2319         2
      2320         2
      2321         2
      2322         2
      2323         2
      2324         2
      2325         2
      2326         2
      2327         2
      2328         2
      2329         2
      2330         2
      2331         1
      2332         0
      2333        -3
      2334        -7
      2335       -10
      2336       -14
      2337       -17
      2338       -20
      2339       -22
      2340       -25
      2341       -27
      2342       -29
      2343       -30
      2344       -31
      2345       -32
      2346       -33
      2347       -34
      2348       -35
      2349       -35
      2350       -36
      2351       -37
      2352       -37
      2353       -38
      2354       -37
      2355       -37
      2356       -36
      2357       -35
      2358       -34
      2359       -32
      2360       -31
      2361       -29
      2362       -27
      2363       -26
      2364       -24
      2365       -22
      2366       -21
      2367       -19
      2368       -18
      2369       -16
      2370       -15
      2371       -14
      2372       -12
      2373       -11
      2374       -10
      2375        -9
      2376        -8
      2377        -7
      2378        -7
      2379        -7
      2380        -7
      2381        -7
      2382        -7
      2383        -7
      2384        -7
      2385        -8
      2386        -8
      2387        -9
      2388        -9
      2389       -10
      2390       -11
      2391       -11
      2392       -12
      2393       -12
      2394       -13
      2395       -14
      2396       -14
      2397       -15
      2398       -15
      2399       -15
      2400       -15
      2401       -15
      2402       -15
      2403       -15
      2404       -15
      2405       -15
      2406       -15
      2407       -15
      2408       -14
      2409       -14
      2410       -13
      2411       -13
      2412       -12
      2413       -12
      2414       -12
      2415       -11
      2416       -10
      2417       -10
      2418        -9
      2419         0
      2420         0
      2421         2
      2422         2
      2423         2
      2424         2
      2425         2
      2426         2
      2427         2
      2428         2
      2429         2
      2430         2
      2431         2
      2432         2
      2433         2
      2434         2
      2435         2
      2436         2
      2437         2
      2438         2
      2439         2
      2440         2
      2441         0
      2442        -1
      2443        -5
      2444       -10
      2445       -14
      2446       -19
      2447       -22
      2448       -25
      2449       -28
      2450       -30
      2451       -32
      2452       -33
      2453       -35
      2454       -36
      2455       -37
      2456       -37
      2457       -38
      2458       -39
      2459       -39
      2460       -40
      2461       -41
      2462       -41
      2463       -42
      2464       -41
      2465       -41
      2466       -40
      2467       -39
      2468       -38
      2469       -36
      2470       -34
      2471       -32
      2472       -31
      2473       -29
      2474       -28
      2475       -26
      2476       -24
      2477       -23
      2478       -21
      2479       -19
      2480       -18
      2481       -16
      2482       -15
      2483       -14
      2484       -12
      2485       -12
      2486       -11
      2487       -10
      2488       -10
      2489        -9
      2490        -9
      2491        -9
      2492        -9
      2493        -9
      2494        -9
      2495       -10
      2496       -10
      2497       -11
      2498       -11
      2499       -12
      2500       -12
      2501       -12
      2502       -13
      2503       -13
      2504       -14
      2505       -14
      2506       -15
      2507       -15
      2508       -15
      2509       -15
      2510       -16
      2511       -15
      2512       -15
      2513       -15
      2514       -15
      2515       -15
      2516       -14
      2517       -14
      2518       -13
      2519       -13
      2520       -13
      2521       -12
      2522       -12
      2523       -11
      2524       -11
      2525       -10
      2526        -9
      2527        -9
      2528        -9
      2529         0
      2530         0
      2531         2
      2532         2
      2533         2
      2534         2
      2535         2
      2536         2
      2537         2
      2538         2
      2539         2
      2540         2
      2541         2
      2542         2
      2543         2
      2544         2
      2545         2
      2546         2
      2547         2
      2548         2
      2549         2
      2550         1
      2551         0
      2552        -3
      2553        -8
      2554       -16
      2555       -26
      2556       -37
      2557       -50
      2558       -64
      2559       -76
      2560       -85
      2561       -92
      2562       -96
      2563       -99
      2564      -100
      2565      -101
      2566      -101
      2567      -101
      2568      -100
      2569       -99
      2570       -97
      2571       -94
      2572       -91
      2573       -87
      2574       -81
      2575       -75
      2576       -68
      2577       -59
      2578       -51
      2579       -42
      2580       -34
      2581       -26
      2582       -19
      2583       -12
      2584        -5
      2585         0
      2586         5
      2587        10
      2588        15
      2589        19
      2590        23
      2591        26
      2592        28
      2593        30
      2594        32
      2595        34
      2596        34
      2597        35
      2598        35
      2599        34
      2600        33
      2601        31
      2602        30
      2603        27
      2604        25
      2605        22
      2606        19
      2607        16
      2608        13
      2609        10
      2610         6
      2611         3
      2612         0
      2613        -2
      2614        -5
      2615        -8
      2616       -11
      2617       -14
      2618       -16
      2619       -19
      2620       -21
      2621       -23
      2622       -24
      2623       -26
      2624       -27
      2625       -27
      2626       -28
      2627       -28
      2628       -28
      2629       -29
      2630       -28
      2631       -28
      2632       -27
      2633       -27
      2634       -26
      2635       -25
      2636       -24
      2637       -23
      2638       -23
      2639         0
      2640         0
      2641         2
      2642         2
      2643         2
      2644         2
      2645         2
      2646         2
      2647         2
      2648         2
      2649         2
      2650         2
      2651         2
      2652         2
      2653         2
      2654         2
      2655         2
      2656         2
      2657         2
      2658         2
      2659         2
      2660         1
      2661         1
      2662         3
      2663         4
      2664         6
      2665         4
      2666        -2
      2667       -15
      2668       -32
      2669       -49
      2670       -64
      2671       -75
      2672       -81
      2673       -84
      2674       -85
      2675       -85
      2676       -84
      2677       -83
      2678       -81
      2679       -80
      2680       -77
      2681       -74
      2682       -70
      2683       -65
      2684       -59
      2685       -51
      2686       -43
      2687       -33
      2688       -24
      2689       -15
      2690        -7
      2691         0
      2692         5
      2693        10
      2694        14
      2695        18
      2696        20
      2697        23
      2698        24
      2699        26
      2700        27
      2701        27
      2702        28
      2703        28
      2704        28
      2705        28
      2706        27
      2707        26
      2708        25
      2709        24
      2710        22
      2711        20
      2712        17
      2713        15
      2714        12
      2715         9
      2716         6
      2717         3
      2718         0
      2719        -3
      2720        -6
      2721        -9
      2722       -12
      2723       -15
      2724       -18
      2725       -20
      2726       -23
      2727       -25
      2728       -27
      2729       -29
      2730       -30
      2731       -31
      2732       -33
      2733       -33
      2734       -34
      2735       -34
      2736       -34
      2737       -34
      2738       -34
      2739       -34
      2740       -33
      2741       -33
      2742       -32
      2743       -32
      2744       -31
      2745       -30
      2746       -29
      2747       -28
      2748       -27
      2749         0
      2750         0
      2751         2
      2752         2
      2753         2
      2754         2
      2755         2
      2756         2
      2757         2
      2758         2
      2759         2
      2760         2
      2761         2
      2762         2
      2763         2
      2764         2
      2765         2
      2766         2
      2767         2
      2768         2
      2769         2
      2770         1
      2771         0
      2772        -2
      2773        -6
      2774       -11
      2775       -16
      2776       -20
      2777       -24
      2778       -27
      2779       -29
      2780       -30
      2781       -32
      2782       -33
      2783       -34
      2784       -34
      2785       -35
      2786       -36
      2787       -36
      2788       -37
      2789       -37
      2790       -38
      2791       -38
      2792       -39
      2793       -39
      2794       -39
      2795       -39
      2796       -39
      2797       -38
      2798       -37
      2799       -36
      2800       -35
      2801       -34
      2802       -33
      2803       -32
      2804       -30
      2805       -29
      2806       -28
      2807       -26
      2808       -25
      2809       -24
      2810       -23
      2811       -21
      2812       -20
      2813       -19
      2814       -18
      2815       -17
      2816       -16
      2817       -16
      2818       -15
      2819       -15
      2820       -14
      2821       -14
      2822       -14
      2823       -14
      2824       -14
      2825       -14
      2826       -15
      2827       -15
      2828       -15
      2829       -16
      2830       -16
      2831       -17
      2832       -17
      2833       -17
      2834       -18
      2835       -18
      2836       -18
      2837       -19
      2838       -19
      2839       -19
      2840       -19
      2841       -19
      2842       -19
      2843       -18
      2844       -18
      2845       -18
      2846       -17
      2847       -17
      2848       -16
      2849       -16
      2850       -15
      2851       -14
      2852       -14
      2853       -13
      2854       -12
      2855       -12
      2856       -11
      2857       -10
      2858        -9
      2859         0
      2860         0
      2861        -2
      2862        -2
      2863        -2
      2864        -2
      2865        -2
      2866        -2
      2867        -2
      2868        -2
      2869        -2
      2870        -2
      2871        -2
      2872        -2
      2873        -2
      2874        -2
      2875        -2
      2876        -2
      2877        -2
      2878        -2
      2879        -2
      2880        -3
      2881        -4
      2882        -6
      2883       -10
      2884       -13
      2885       -17
      2886       -21
      2887       -24
      2888       -28
      2889       -31
      2890       -34
      2891       -37
      2892       -39
      2893       -41
      2894       -43
      2895       -45
      2896       -46
      2897       -47
      2898       -48
      2899       -49
      2900       -50
      2901       -51
      2902       -52
      2903       -52
      2904       -52
      2905       -51
      2906       -50
      2907       -49
      2908       -47
      2909       -45
      2910       -43
      2911       -40
      2912       -38
      2913       -36
      2914       -33
      2915       -31
      2916       -29
      2917       -27
      2918       -25
      2919       -23
      2920       -21
      2921       -19
      2922       -17
      2923       -15
      2924       -14
      2925       -13
      2926       -12
      2927       -11
      2928       -10
      2929       -10
      2930       -10
      2931       -10
      2932       -10
      2933       -10
      2934       -11
      2935       -12
      2936       -13
      2937       -14
      2938       -14
      2939       -16
      2940       -17
      2941       -18
      2942       -19
      2943       -20
      2944       -21
      2945       -22
      2946       -23
      2947       -24
      2948       -25
      2949       -25
      2950       -26
      2951       -26
      2952       -26
      2953       -27
      2954       -27
      2955       -27
      2956       -26
      2957       -26
      2958       -25
      2959       -25
      2960       -24
      2961       -24
      2962       -23
      2963       -22
      2964       -21
      2965       -20
      2966       -20
      2967       -19
      2968       -18
      2969         0
      2970         0
      2971         2
      2972         2
      2973         2
      2974         2
      2975         2
      2976         2
      2977         2
      2978         2
      2979         2
      2980         2
      2981         2
      2982         2
      2983         2
      2984         2
      2985         2
      2986         2
      2987         2
      2988         2
      2989         2
      2990         2
      2991         1
      2992         0
      2993        -1
      2994        -4
      2995        -7
      2996       -10
      2997       -13
      2998       -16
      2999       -19
      3000       -21
      3001       -24
      3002       -26
      3003       -28
      3004       -29
      3005       -31
      3006       -32
      3007       -33
      3008       -34
      3009       -35
      3010       -36
      3011       -37
      3012       -37
      3013       -38
      3014       -38
      3015       -38
      3016       -38
      3017       -37
      3018       -36
      3019       -35
      3020       -34
      3021       -32
      3022       -30
      3023       -29
      3024       -27
      3025       -26
      3026       -24
      3027       -22
      3028       -21
      3029       -19
      3030       -17
      3031       -16
      3032       -14
      3033       -13
      3034       -11
      3035       -10
      3036        -9
      3037        -8
      3038        -8
      3039        -7
      3040        -7
      3041        -6
      3042        -6
      3043        -6
      3044        -7
      3045        -7
      3046        -7
      3047        -8
      3048        -8
      3049        -9
      3050       -10
      3051       -10
      3052       -11
      3053       -12
      3054       -13
      3055       -13
      3056       -14
      3057       -15
      3058       -15
      3059       -16
      3060       -16
      3061       -16
      3062       -17
      3063       -17
      3064       -17
      3065       -17
      3066       -16
      3067       -16
      3068       -16
      3069       -16
      3070       -15
      3071       -15
      3072       -14
      3073       -14
      3074       -13
      3075       -13
      3076       -12
      3077       -12
      3078       -11
      3079         0
      3080         0
      3081        -2
      3082        -2
      3083        -2
      3084        -2
      3085        -2
      3086        -2
      3087        -2
      3088        -2
      3089        -2
      3090        -2
      3091        -2
      3092        -2
      3093        -2
      3094        -2
      3095        -2
      3096        -2
      3097        -2
      3098        -2
      3099        -2
      3100        -2
      3101        -3
      3102        -5
      3103        -8
      3104       -11
      3105       -14
      3106       -17
      3107       -19
      3108       -22
      3109       -24
      3110       -26
      3111       -28
      3112       -30
      3113       -31
      3114       -32
      3115       -34
      3116       -35
      3117       -36
      3118       -37
      3119       -38
      3120       -39
      3121       -40
      3122       -40
      3123       -41
      3124       -41
      3125       -42
      3126       -41
      3127       -41
      3128       -40
      3129       -40
      3130       -39
      3131       -38
      3132       -37
      3133       -35
      3134       -34
      3135       -33
      3136       -32
      3137       -30
      3138       -29
      3139       -28
      3140       -26
      3141       -25
      3142       -24
      3143       -22
      3144       -21
      3145       -20
      3146       -19
      3147       -19
      3148       -18
      3149       -17
      3150       -17
      3151       -17
      3152       -16
      3153       -16
      3154       -16
      3155       -16
      3156       -16
      3157       -16
      3158       -17
      3159       -17
      3160       -17
      3161       -18
      3162       -18
      3163       -18
      3164       -19
      3165       -19
      3166       -19
      3167       -20
      3168       -20
      3169       -20
      3170       -20
      3171       -20
      3172       -20
      3173       -20
      3174       -20
      3175       -19
      3176       -19
      3177       -19
      3178       -19
      3179       -18
      3180       -18
      3181       -17
      3182       -17
      3183       -16
      3184       -16
      3185       -15
      3186       -15
      3187       -14
      3188       -14
      3189         0
      3190         0
      3191         2
      3192         2
      3193         2
      3194         2
      3195         2
      3196         2
      3197         2
      3198         2
      3199         2
      3200         2
      3201         2
      3202         2
      3203         2
      3204         2
      3205         2
      3206         2
      3207         2
      3208         2
      3209         2
      3210         1
      3211         1
      3212         0
      3213        -4
      3214        -9
      3215       -16
      3216       -24
      3217       -34
      3218       -43
      3219       -52
      3220       -59
      3221       -63
      3222       -66
      3223       -67
      3224       -66
      3225       -65
      3226       -64
      3227       -63
      3228       -61
      3229       -60
      3230       -58
      3231       -55
      3232       -53
      3233       -50
      3234       -46
      3235       -42
      3236       -37
      3237       -31
      3238       -25
      3239       -19
      3240       -13
      3241        -7
      3242        -2
      3243         2
      3244         6
      3245        10
      3246        14
      3247        17
      3248        19
      3249        21
      3250        24
      3251        25
      3252        26
      3253        27
      3254        28
      3255        28
      3256        28
      3257        27
      3258        26
      3259        25
      3260        23
      3261        21
      3262        19
      3263        16
      3264        14
      3265        11
      3266         8
      3267         4
      3268         1
      3269        -1
      3270        -5
      3271        -8
      3272       -11
      3273       -14
      3274       -17
      3275       -20
      3276       -22
      3277       -25
      3278       -27
      3279       -29
      3280       -31
      3281       -32
      3282       -34
      3283       -34
      3284       -35
      3285       -36
      3286       -36
      3287       -36
      3288       -36
      3289       -35
      3290       -35
      3291       -34
      3292       -33
      3293       -32
      3294       -31
      3295       -30
      3296       -29
      3297       -28
      3298       -27
      3299         0
      3300         0
      3301         1
      3302         1
      3303         1
      3304         2
      3305         2
      3306         2
      3307         2
      3308         2
      3309         2
      3310         1
      3311         1
      3312         0
      3313         1
      3314         1
      3315         1
      3316         2
      3317         2
      3318         2
      3319         2
      3320         2
      3321         3
      3322         7
      3323        15
      3324        26
      3325        36
      3326        42
      3327        43
      3328        38
      3329        31
      3330        22
      3331        14
      3332         7
      3333         1
      3334        -4
      3335       -11
      3336       -17
      3337       -23
      3338       -28
      3339       -32
      3340       -34
      3341       -36
      3342       -38
      3343       -39
      3344       -39
      3345       -38
      3346       -37
      3347       -35
      3348       -33
      3349       -31
      3350       -30
      3351       -29
      3352       -28
      3353       -27
      3354       -26
      3355       -26
      3356       -26
      3357       -26
      3358       -27
      3359       -28
      3360       -28
      3361       -28
      3362       -28
      3363       -28
      3364       -28
      3365       -28
      3366       -28
      3367       -28
      3368       -28
      3369       -29
      3370       -29
      3371       -30
      3372       -31
      3373       -32
      3374       -33
      3375       -34
      3376       -35
      3377       -36
      3378       -37
      3379       -38
      3380       -39
      3381       -41
      3382       -42
      3383       -44
      3384       -45
      3385       -46
      3386       -47
      3387       -48
      3388       -49
      3389       -50
      3390       -51
      3391       -52
      3392       -53
      3393       -54
      3394       -54
      3395       -55
      3396       -56
      3397       -56
      3398       -57
      3399       -57
      3400       -57
      3401       -58
      3402       -58
      3403       -59
      3404       -59
      3405       -59
      3406       -59
      3407       -59
      3408       -60
      3409         0
      3410         0
      3411         2
      3412         2
      3413         2
      3414         2
      3415         2
      3416         2
      3417         2
      3418         2
      3419         2
      3420         2
      3421         2
      3422         2
      3423         2
      3424         2
      3425         2
      3426         2
      3427         2
      3428         2
      3429         2
      3430         2
      3431         1
      3432         0
      3433        -3
      3434        -7
      3435       -11
      3436       -14
      3437       -17
      3438       -18
      3439       -19
      3440       -20
      3441       -20
      3442       -20
      3443       -20
      3444       -20
      3445       -20
      3446       -20
      3447       -20
      3448       -20
      3449       -21
      3450       -21
      3451       -22
      3452       -23
      3453       -23
      3454       -24
      3455       -24
      3456       -24
      3457       -24
      3458       -23
      3459       -23
      3460       -22
      3461       -22
      3462       -21
      3463       -20
      3464       -19
      3465       -19
      3466       -18
      3467       -17
      3468       -16
      3469       -16
      3470       -15
      3471       -14
      3472       -13
      3473       -12
      3474       -11
      3475       -10
      3476       -10
      3477        -9
      3478        -9
      3479        -9
      3480        -8
      3481        -8
      3482        -8
      3483        -8
      3484        -8
      3485        -9
      3486        -9
      3487        -9
      3488        -9
      3489        -9
      3490       -10
      3491       -10
      3492       -10
      3493       -10
      3494       -11
      3495       -11
      3496       -11
      3497       -12
      3498       -12
      3499       -12
      3500       -12
      3501       -12
      3502       -12
      3503       -12
      3504       -11
      3505       -11
      3506       -11
      3507       -11
      3508       -10
      3509       -10
      3510       -10
      3511        -9
      3512        -9
      3513        -8
      3514        -8
      3515        -7
      3516        -7
      3517        -6
      3518        -6
      3519         0
      3520         0
      3521        -2
      3522        -2
      3523        -2
      3524        -2
      3525        -2
      3526        -2
      3527        -2
      3528        -2
      3529        -2
      3530        -2
      3531        -2
      3532        -2
      3533        -2
      3534        -2
      3535        -2
      3536        -2
      3537        -2
      3538        -2
      3539        -2
      3540        -2
      3541        -4
      3542        -6
      3543        -8
      3544       -12
      3545       -15
      3546       -18
      3547       -21
      3548       -23
      3549       -25
      3550       -27
      3551       -29
      3552       -31
      3553       -32
      3554       -33
      3555       -33
      3556       -34
      3557       -35
      3558       -36
      3559       -36
      3560       -37
      3561       -38
      3562       -38
      3563       -38
      3564       -38
      3565       -37
      3566       -37
      3567       -35
      3568       -34
      3569       -32
      3570       -30
      3571       -29
      3572       -27
      3573       -25
      3574       -24
      3575       -23
      3576       -21
      3577       -20
      3578       -18
      3579       -17
      3580       -16
      3581       -14
      3582       -13
      3583       -12
      3584       -11
      3585       -10
      3586       -10
      3587        -9
      3588        -9
      3589        -9
      3590        -9
      3591        -9
      3592        -9
      3593       -10
      3594       -10
      3595       -11
      3596       -11
      3597       -12
      3598       -13
      3599       -14
      3600       -14
      3601       -15
      3602       -16
      3603       -17
      3604       -18
      3605       -18
      3606       -19
      3607       -19
      3608       -20
      3609       -20
      3610       -21
      3611       -21
      3612       -21
      3613       -21
      3614       -21
      3615       -21
      3616       -20
      3617       -20
      3618       -19
      3619       -19
      3620       -19
      3621       -18
      3622       -17
      3623       -17
      3624       -16
      3625       -15
      3626       -15
      3627       -14
      3628       -14
      3629         0
      3630         0
      3631         2
      3632         2
      3633         2
      3634         2
      3635         2
      3636         2
      3637         2
      3638         2
      3639         2
      3640         2
      3641         2
      3642         2
      3643         2
      3644         2
      3645         2
      3646         2
      3647         2
      3648         2
      3649         2
      3650         2
      3651         1
      3652         0
      3653        -2
      3654        -4
      3655        -7
      3656       -10
      3657       -12
      3658       -14
      3659       -16
      3660       -19
      3661       -20
      3662       -22
      3663       -23
      3664       -24
      3665       -25
      3666       -26
      3667       -26
      3668       -27
      3669       -27
      3670       -28
      3671       -29
      3672       -29
      3673       -30
      3674       -30
      3675       -29
      3676       -28
      3677       -28
      3678       -26
      3679       -25
      3680       -24
      3681       -22
      3682       -21
      3683       -19
      3684       -18
      3685       -16
      3686       -15
      3687       -14
      3688       -12
      3689       -11
      3690       -10
      3691        -9
      3692        -8
      3693        -7
      3694        -6
      3695        -5
      3696        -4
      3697        -4
      3698        -3
      3699        -3
      3700        -3
      3701        -3
      3702        -3
      3703        -4
      3704        -4
      3705        -5
      3706        -5
      3707        -6
      3708        -6
      3709        -7
      3710        -8
      3711        -8
      3712        -9
      3713       -10
      3714       -10
      3715       -11
      3716       -11
      3717       -12
      3718       -12
      3719       -13
      3720       -13
      3721       -13
      3722       -13
      3723       -13
      3724       -13
      3725       -13
      3726       -13
      3727       -12
      3728       -12
      3729       -11
      3730       -11
      3731       -10
      3732       -10
      3733        -9
      3734        -9
      3735        -8
      3736        -8
      3737        -7
      3738        -7
      3739         0
      3740         0
      3741        -2
      3742        -2
      3743        -2
      3744        -2
      3745        -2
      3746        -2
      3747        -2
      3748        -2
      3749        -2
      3750        -2
      3751        -2
      3752        -2
      3753        -2
      3754        -2
      3755        -2
      3756        -2
      3757        -2
      3758        -2
      3759        -2
      3760        -2
      3761        -3
      3762        -5
      3763        -7
      3764       -10
      3765       -12
      3766       -14
      3767       -16
      3768       -18
      3769       -19
      3770       -20
      3771       -21
      3772       -22
      3773       -23
      3774       -24
      3775       -24
      3776       -25
      3777       -26
      3778       -26
      3779       -27
      3780       -28
      3781       -29
      3782       -29
      3783       -30
      3784       -30
      3785       -30
      3786       -30
      3787       -30
      3788       -30
      3789       -29
      3790       -28
      3791       -27
      3792       -27
      3793       -26
      3794       -25
      3795       -24
      3796       -23
      3797       -22
      3798       -21
      3799       -20
      3800       -19
      3801       -18
      3802       -17
      3803       -16
      3804       -15
      3805       -14
      3806       -13
      3807       -13
      3808       -12
      3809       -12
      3810       -11
      3811       -11
      3812       -11
      3813       -11
      3814       -11
      3815       -11
      3816       -11
      3817       -11
      3818       -12
      3819       -12
      3820       -12
      3821       -13
      3822       -13
      3823       -13
      3824       -14
      3825       -14
      3826       -14
      3827       -14
      3828       -14
      3829       -14
      3830       -14
      3831       -15
      3832       -15
      3833       -14
      3834       -14
      3835       -14
      3836       -14
      3837       -14
      3838       -14
      3839       -13
      3840       -13
      3841       -12
      3842       -12
      3843       -12
      3844       -11
      3845       -11
      3846       -10
      3847       -10
      3848        -9
      3849         0
      3850         0
      3851         2
      3852         2
      3853         2
      3854         2
      3855         2
      3856         2
      3857         2
      3858         2
      3859         2
      3860         2
      3861         2
      3862         2
      3863         2
      3864         2
      3865         2
      3866         2
      3867         2
      3868         2
      3869         2
      3870         1
      3871         0
      3872        -1
      3873        -6
      3874       -11
      3875       -17
      3876       -23
      3877       -30
      3878       -35
      3879       -38
      3880       -40
      3881       -39
      3882       -38
      3883       -36
      3884       -33
      3885       -31
      3886       -28
      3887       -26
      3888       -25
      3889       -23
      3890       -21
      3891       -20
      3892       -18
      3893       -16
      3894       -13
      3895       -10
      3896        -6
      3897        -3
      3898         0
      3899         3
      3900         6
      3901         9
      3902        11
      3903        13
      3904        15
      3905        16
      3906        17
      3907        18
      3908        19
      3909        19
      3910        19
      3911        19
      3912        19
      3913        19
      3914        18
      3915        18
      3916        17
      3917        16
      3918        14
      3919        13
      3920        12
      3921        10
      3922         8
      3923         6
      3924         3
      3925         1
      3926         0
      3927        -2
      3928        -4
      3929        -6
      3930        -8
      3931       -10
      3932       -12
      3933       -14
      3934       -16
      3935       -17
      3936       -19
      3937       -20
      3938       -21
      3939       -22
      3940       -23
      3941       -23
      3942       -24
      3943       -24
      3944       -24
      3945       -24
      3946       -24
      3947       -23
      3948       -23
      3949       -22
      3950       -22
      3951       -21
      3952       -20
      3953       -20
      3954       -19
      3955       -18
      3956       -17
      3957       -16
      3958       -15
      3959         0
      3960         0
      3961         0
      3962         0
      3963         0
      3964         0
      3965         0
      3966         0
      3967         0
      3968         0
      3969         0
      3970         0
      3971         0
      3972         0
      3973         0
      3974         0
      3975         0
      3976         1
      3977         3
      3978         3
      3979         0
      3980        -1
      3981         1
      3982        34
      3983       119
      3984       255
      3985       445
      3986       674
      3987       932
      3988      1212
      3989      1509
      3990      1815
      3991      2127
      3992      2442
      3993      2757
      3994      3071
      3995      3382
      3996      3690
      3997      3996
      3998      4299
      3999      4601
      4000      4899
      4001      5196
      4002      5490
      4003      5781
      4004      6068
      4005      6352
      4006      6631
      4007      6905
      4008      7174
      4009      7435
      4010      7689
      4011      7932
      4012      8164
      4013      8383
      4014      8589
      4015      8779
      4016      8954
      4017      9113
      4018      9256
      4019      9383
      4020      9494
      4021      9589
      4022      9671
      4023      9739
      4024      9796
      4025      9842
      4026      9880
      4027      9911
      4028      9936
      4029      9956
      4030      9972
      4031      9985
      4032      9994
      4033     10002
      4034     10007
      4035     10012
      4036     10014
      4037     10016
      4038     10017
      4039     10017
      4040     10016
      4041     10015
      4042     10013
      4043     10011
      4044     10009
      4045     10007
      4046     10005
      4047     10003
      4048     10000
      4049      9999
      4050      9997
      4051      9995
      4052      9994
      4053      9993
      4054      9992
      4055      9992
      4056      9991
      4057      9991
      4058      9991
      4059      9991
      4060      9992
      4061      9993
      4062      9994
      4063      9994
      4064      9995
      4065      9996
      4066      9997
      4067      9998
      4068     10000
      4069         0
      4070         0
      4071         0
      4072         0
      4073         0
      4074         0
      4075         0
      4076         0
      4077         0
      4078         0
      4079         0
      4080         0
      4081         0
      4082         0
      4083         0
      4084         0
      4085         0
      4086         0
      4087         0
      4088         0
      4089         0
      4090         0
      4091         0
      4092         0
      4093         0
      4094         0
      4095         0
      4096         0
